3,14
32,1
32,2
24,3
3,5
13,5
23,5
23,5
26,5
32,5
32,6
24,7
32,8
8,9
21,10
23,10
8,11
13,12
29,13
32,15
33,15
21,16
29,16
3,17
3,18
8,19
22,20
23,20
21,22
21,23
22,23
8,24
32,24
24,25
23,26
8,27
32,28
33,29
36,29
3,30
32,31
21,32
32,33
24,34
6,35
21,36
22,37
21,38
26,38
26,39
3,4
14,3
1,32
2,32
3,24
5,3
5,13
5,23
5,23
5,26
5,32
6,32
7,24
8,32
9,8
10,21
10,23
11,8
12,13
13,29
15,32
15,33
16,21
16,29
17,3
18,3
19,8
20,22
20,23
22,21
23,21
23,22
24,8
24,32
25,24
26,23
27,8
28,32
29,33
29,36
30,3
31,32
32,21
33,32
34,24
35,6
36,21
37,22
38,21
38,26
39,26
4,3