1,43.63,13.5
2,42.36,13.36
3,41.13,16.85
4,40.93,16.66
5,44.5,11.35
6,46.36,10.85
7,41.63,14.58
8,37.51,15.08
9,37.5,15.1
10,45.78,9.08
11,39.3,16.25
12,43.83,11.33
13,43.83,11.2
14,43.78,11.23
15,41.8,12.68
16,44.41,8.95
17,40.21,18.16
18,40.5,16.41
19,38.05,14.86
20,42.78,12.6
21,45.5,9.5
22,45.46,9.2
23,45.48,9.2
24,40.85,14.25
25,40.88,14.41
26,45.35,11.81
27,38.1,13.35
28,43.05,12.55
29,43.71,10.38
30,40.63,15.8
31,41.9,12.45
32,41.9,12.51
33,41.88,12.51
34,40.45,15.26
35,40.66,9.0
36,45.05,7.67
37,46.13,11.11
38,45.66,13.58
39,45.5,12.0