100,209
101,157
101,157
101,236
102,170
103,112
104,192
105,114
105,308
105,115
105,309
106,190
113,99
118,109
118,158
118,158
119,145
119,174
120,195
120,129
121,208
121,222
121,202
121,170
122,125
122,195
123,217
123,175
123,195
124,107
124,194
124,229
124,130
124,208
125,129
125,129
125,193
125,112
126,129
126,2
127,129
127,3
128,129
128,4
129,103
129,160
130,219
131,105
131,194
132,218
132,173
132,111
133,145
133,146
134,182
134,147
135,140
135,171
135,157
136,221
136,230
136,233
137,154
137,151
138,197
139,220
139,152
140,181
140,289
141,229
141,219
142,159
142,150
143,226
143,211
144,149
145,228
145,228
145,196
145,174
146,165
146,211
146,207
147,150
147,216
148,165
148,150
149,164
149,220
150,209
150,174
150,216
151,187
151,175
151,168
151,154
152,169
152,229
153,161
153,161
153,160
153,183
153,183
154,210
154,210
154,227
155,171
155,181
156,164
156,207
157,191
157,171
158,173
158,173
158,188
159,213
159,235
160,112
161,217
162,222
162,105
163,111
163,111
163,231
163,179
163,227
163,203
163,205
163,206
163,292
164,234
165,235
166,184
166,189
166,188
167,138
167,110
168,217
169,234
170,233
171,113
172,185
172,108
172,226
173,218
173,111
173,176
174,209
174,47
174,46
174,45
175,227
175,90
175,91
176,227
177,110
177,212
178,179
178,227
179,186
180,210
180,186
181,221
181,222
181,116
181,117
182,190
183,212
183,48
183,49
183,50
183,51
183,52
183,240
183,53
183,54
184,213
185,228
186,223
187,217
188,230
189,219
190,192
191,230
191,83
191,84
192,231
193,1
195,104
196,14
196,13
197,15
197,16
197,237
198,17
198,21
199,18
199,22
200,19
200,23
201,20
201,24
203,27
203,31
204,31
205,28
205,32
205,32
206,29
206,33
206,33
214,55
214,57
215,56
215,58
221,68
221,69
221,70
221,71
221,72
221,73
223,80
224,81
225,82
257,224
257,225
257,232
257,163
257,163
257,186
257,186
257,210
258,159
258,132
259,144
259,189
259,213
260,202
260,189
260,198
260,199
260,200
260,201
261,290
261,263
262,291
262,263
263,234
263,152
264,170
265,108
265,25
265,26
266,165
266,34
266,36
267,165
267,37
267,35
268,165
268,238
268,239
269,209
269,40
269,41
269,38
269,39
270,189
270,42
271,111
271,43
272,111
272,44
273,235
273,214
274,235
274,215
275,106
276,188
276,60
276,61
276,62
276,63
277,188
277,59
278,219
278,64
278,67
279,219
279,65
280,219
280,66
281,222
281,241
282,222
282,79
283,222
283,76
284,222
284,78
285,222
285,77
286,222
286,75
287,222
287,74
288,233
288,242
289,5
289,6
290,85
291,86
292,30
292,310
292,310
293,100
293,7
293,8
294,100
294,243
294,244
295,101
295,245
295,246
296,101
296,87
296,247
297,101
297,88
297,248
298,101
298,89
298,249
299,102
299,9
299,10
300,264
300,11
300,12
301,114
301,92
301,93
302,308
302,250
302,251
303,115
303,94
303,95
304,309
304,252
304,253
305,234
305,96
305,256
306,234
306,254
306,255
307,275
307,97
307,98
149,165