114,107
114,153
114,153
115,140
115,169
116,187
116,125
211,202
211,267
211,209
211,158
211,158
211,181
211,181
211,192
117,190
117,201
117,188
117,165
212,154
212,128
118,121
118,187
119,196
119,170
119,187
120,105
120,186
120,206
120,126
120,190
121,125
121,125
121,248
121,110
122,125
123,125
124,125
125,101
125,155
126,198
127,103
127,186
128,197
128,168
128,109
129,140
129,141
130,177
130,142
213,139
213,184
213,194
131,217
131,166
131,152
214,188
214,184
214,254
214,255
214,256
214,257
132,200
132,207
132,283
215,250
215,218
216,251
216,218
133,149
133,146
134,253
135,199
135,147
217,176
217,249
136,206
136,198
137,154
137,145
138,203
138,193
139,144
140,205
140,205
140,252
140,169
141,160
141,193
141,189
218,284
218,147
100,191
219,152
219,152
142,145
142,195
143,160
143,145
220,165
221,165
144,159
144,199
145,191
145,169
145,195
101,110
146,182
146,170
146,163
146,149
147,164
147,206
148,156
148,156
148,155
148,178
148,178
102,185
149,192
149,192
149,204
150,166
150,176
151,159
151,189
152,246
152,166
153,168
153,168
153,183
154,194
154,210
155,110
156,196
157,201
157,103
222,106
158,109
158,109
158,208
158,174
158,204
158,258
158,260
158,261
158,262
103,285
103,286
103,287
103,288
159,284
223,160
224,160
225,160
160,210
161,179
161,184
161,183
162,134
162,108
163,196
226,191
227,184
164,284
165,283
228,109
229,109
166,111
167,180
167,106
167,203
168,197
168,109
168,171
169,191
170,204
171,204
172,108
172,263
173,174
173,204
174,181
175,192
175,181
176,200
176,201
177,238
178,263
179,194
180,205
230,210
230,264
231,210
231,265
232,104
104,238
181,266
182,196
233,183
234,183
183,207
184,198
235,198
236,198
237,198
238,185
239,201
240,201
241,201
242,201
243,201
244,201
245,201
246,207
185,208
247,283
176,112
176,113
268,100
269,100
270,219
271,219
272,219
273,219
274,220
275,221
276,285
277,286
278,287
279,288
280,284
281,284
282,232
248,1
122,2
123,3
124,4
249,5
249,6
250,85
251,86
219,289
252,14
252,13
253,15
253,16
253,290
254,17
254,21
255,18
255,22
256,19
256,23
257,20
257,24
222,25
222,26
258,27
259,31
258,31
260,28
260,32
260,32
261,29
261,33
261,33
262,30
262,291
262,291
223,34
223,36
224,37
224,35
225,292
225,293
226,40
226,41
226,38
226,39
227,42
228,43
229,44
169,47
169,46
169,45
170,90
170,91
178,48
178,49
178,50
178,51
178,52
178,294
178,53
178,54
264,55
264,57
265,56
265,58
233,60
233,61
233,62
233,63
234,59
235,64
235,67
236,65
237,66
200,68
200,69
200,70
200,71
200,72
200,73
239,295
240,79
241,76
242,78
243,77
244,75
245,74
266,80
202,81
267,82
246,83
246,84
111,99
247,296
268,7
268,8
269,297
269,298
270,299
270,300
271,87
271,301
272,88
272,302
273,89
273,303
274,9
274,10
275,11
275,12
276,92
276,93
277,304
277,305
278,94
278,95
279,306
279,307
281,308
281,309
280,96
280,310
282,97
282,98
102,187
144,160
