114,43.34,10.3
115,45.03,12.08
116,41.15,16.15
211,42.1,11.5
117,45.28,9.05
212,44.07,11.03
118,41.05,16.5
119,41.05,14.45
120,45.36,9.1
2,40.35,18.04
3,40.35,18.04
4,40.35,18.04
122,40.35,18.04
123,40.35,18.04
124,40.35,18.04
125,40.34,17.54
121,40.35,17.54
1,40.38,17.58
248,40.38,17.58
126,45.33,9.18
105,45.45,9.2
127,45.48,8.53
128,43.51,11.1
129,45.23,11.57
130,43.35,13.3
213,45.04,9.52
131,44.53,7.47
214,45.08,9.3
132,45.0,8.53
215,46.11,10.19
216,46.11,10.19
133,41.33,13.34
134,37.05,13.4
135,45.33,9.53
217,45.11,7.55
5,45.11,7.55
6,45.11,7.55
249,45.11,7.55
136,45.35,9.37
186,45.4,9.0
137,44.29,11.29
138,45.56,12.28
139,45.11,9.57
140,45.24,12.08
141,45.23,11.19
85,46.1,10.2
86,46.1,10.2
218,46.1,10.2
250,46.1,10.2
251,46.1,10.2
8,44.27,12.16
298,44.27,12.16
7,44.27,12.16
297,44.27,12.16
100,44.27,12.16
268,44.27,12.16
269,44.27,12.16
87,44.14,7.22
88,44.14,7.22
89,44.14,7.22
289,44.14,7.22
299,44.14,7.22
300,44.14,7.22
301,44.14,7.22
302,44.14,7.22
303,44.14,7.22
219,44.14,7.22
270,44.14,7.22
271,44.14,7.22
272,44.14,7.22
273,44.14,7.22
142,43.5,13.0
143,44.5,11.41
10,45.07,8.53
11,45.07,8.53
12,45.07,8.53
9,45.07,8.53
220,45.07,8.53
221,45.07,8.53
274,45.07,8.53
275,45.07,8.53
144,45.29,10.12
187,41.3,15.35
145,44.15,12.05
13,45.26,12.16
14,45.26,12.16
252,45.26,12.16
101,40.1,18.05
146,41.15,13.5
147,45.4,9.5
15,37.08,14.12
16,37.08,14.12
290,37.08,14.12
253,37.08,14.12
17,45.08,9.3
18,45.08,9.3
19,45.08,9.3
20,45.08,9.3
21,45.08,9.3
22,45.08,9.3
23,45.08,9.3
24,45.08,9.3
254,45.08,9.29
255,45.08,9.29
256,45.08,9.29
257,45.08,9.29
188,45.2,9.1
148,40.0,16.0
102,41.5,15.0
149,41.25,12.5
150,45.12,7.42
151,45.25,10.3
156,40.38,15.0
152,44.28,7.47
153,43.5,10.41
154,44.33,11.11
155,40.45,16.4
157,45.45,8.4
25,45.48,13.32
26,45.48,13.32
222,45.48,13.32
158,42.2,11.35
31,42.2,11.35
32,42.2,11.35
33,42.2,11.35
291,42.2,11.35
27,42.2,11.35
28,42.2,11.35
29,42.2,11.35
30,42.2,11.35
258,42.2,11.35
259,42.2,11.35
260,42.2,11.35
261,42.2,11.35
262,42.2,11.35
103,46.05,8.48
159,45.35,10.17
189,45.18,10.54
190,45.33,9.07
160,45.03,11.09
36,45.03,11.09
37,45.03,11.09
292,45.03,11.09
34,45.03,11.09
35,45.03,11.09
293,45.03,11.09
223,45.03,11.09
224,45.03,11.09
225,45.03,11.09
40,44.3,12.16
41,44.3,12.16
38,44.3,12.16
39,44.3,12.16
226,44.3,12.16
171,43.17,11.07
161,44.48,10.19
162,37.35,14.53
163,40.55,14.05
42,45.03,9.43
227,45.03,9.43
164,45.5,10.1
165,45.05,8.57
43,42.57,10.35
44,42.57,10.35
228,42.57,10.35
229,42.57,10.35
166,44.58,7.25
167,45.48,13.13
168,43.48,11.03
45,44.58,12.3
46,44.58,12.3
47,44.58,12.3
169,44.58,12.3
90,41.25,13.58
91,41.25,13.58
170,41.25,13.58
191,44.25,12.09
106,45.52,13.3
172,38.27,16.0
173,41.55,12.45
174,42.0,12.3
175,41.55,12.2
192,41.45,12.3
92,46.05,8.46
93,46.05,8.46
94,46.05,8.46
95,46.05,8.46
304,46.05,8.46
305,46.05,8.46
306,46.05,8.46
307,46.05,8.46
285,46.05,8.46
287,46.05,8.46
276,46.05,8.46
277,46.05,8.46
278,46.05,8.46
279,46.05,8.46
286,46.05,8.46
288,46.05,8.46
112,45.14,7.56
113,45.14,7.56
176,45.14,7.56
177,42.5,13.3
107,43.24,10.28
52,39.38,16.35
53,39.38,16.35
54,39.38,16.35
294,39.38,16.35
48,39.38,16.35
49,39.38,16.35
50,39.38,16.35
51,39.38,16.35
178,39.38,16.35
179,44.37,10.47
194,44.36,10.59
96,46.02,10.2
308,46.02,10.2
309,46.02,10.2
310,46.02,10.2
284,46.02,10.2
280,46.02,10.2
281,46.02,10.2
104,42.32,13.34
97,42.32,13.34
98,42.32,13.34
232,42.32,13.34
282,42.32,13.34
181,42.08,11.5
182,41.05,14.15
195,44.0,12.3
184,45.04,9.4
196,41.0,14.25
180,45.44,12.28
193,45.4,11.35
263,39.05,17.05
230,45.01,11.15
231,45.01,11.15
57,45.01,11.15
58,45.01,11.15
55,45.01,11.15
56,45.01,11.15
264,45.01,11.15
265,45.01,11.15
210,45.01,11.15
108,38.12,15.18
62,44.07,9.53
63,44.07,9.53
59,44.07,9.53
60,44.07,9.53
61,44.07,9.53
233,44.07,9.53
234,44.07,9.53
183,44.07,9.54
109,43.04,10.41
81,42.08,11.45
82,42.08,11.45
202,42.08,11.45
267,42.08,11.45
209,42.08,11.45
110,40.32,17.2
197,43.44,11.14
198,45.2,9.25
67,45.2,9.25
64,45.2,9.25
65,45.2,9.25
66,45.2,9.25
235,45.2,9.25
236,45.2,9.25
237,45.2,9.25
238,42.4,13.41
199,45.33,10.07
68,45.14,8.14
69,45.14,8.14
70,45.14,8.14
71,45.14,8.14
72,45.14,8.14
73,45.14,8.14
200,45.14,8.14
76,45.3,8.45
77,45.3,8.45
78,45.3,8.45
79,45.3,8.45
295,45.3,8.45
74,45.3,8.45
75,45.3,8.45
239,45.3,8.45
240,45.3,8.45
241,45.3,8.45
242,45.3,8.45
243,45.3,8.45
244,45.3,8.45
245,45.3,8.45
201,45.3,8.45
80,42.07,11.46
266,42.07,11.46
203,46.03,13.1
83,44.17,8.25
84,44.17,8.25
246,44.17,8.25
204,41.45,12.5
99,45.1,7.0
111,45.1,7.0
205,45.33,12.12
206,45.4,9.27
207,44.42,8.53
185,42.25,14.1
208,42.34,12.42
296,45.0,9.0
247,45.0,9.0
283,45.0,9.0