For Hviet and Garr: repeated 30 times
Printing x:
[1.0, 0.98, 0.96, 0.94, 0.92, 0.9, 0.88, 0.86, 0.84, 0.8200000000000001, 0.8, 0.78, 0.76, 0.74, 0.72, 0.7, 0.6799999999999999, 0.6599999999999999, 0.64, 0.62, 0.6, 0.5800000000000001, 0.56, 0.54, 0.52, 0.5, 0.48, 0.45999999999999996, 0.43999999999999995, 0.42000000000000004, 0.4, 0.38, 0.36, 0.33999999999999997, 0.31999999999999995, 0.30000000000000004, 0.28, 0.26, 0.24, 0.21999999999999997, 0.19999999999999996, 0.18000000000000005, 0.16000000000000003, 0.14, 0.12, 0.09999999999999998, 0.07999999999999996, 0.06000000000000005, 0.040000000000000036, 0.020000000000000018, 0.0]
Printing y: Percentage of hviet uncontrollable nodes
[0.24838709677419354, 0.3213978494623656, 0.32451612903225807, 0.31892473118279574, 0.31268817204301075, 0.3261290322580645, 0.33935483870967736, 0.3704301075268817, 0.37645161290322576, 0.37774193548387097, 0.39548387096774196, 0.4404301075268817, 0.4441935483870968, 0.45086021505376345, 0.4678494623655914, 0.4938709677419355, 0.5261290322580645, 0.5255913978494624, 0.5604301075268817, 0.5646236559139785, 0.5681720430107527, 0.5908602150537635, 0.6048387096774194, 0.6259139784946236, 0.6449462365591397, 0.6611827956989248, 0.6768817204301075, 0.699247311827957, 0.7154838709677419, 0.7323655913978495, 0.7525806451612903, 0.7634408602150538, 0.7891397849462366, 0.8026881720430108, 0.8147311827956989, 0.8156989247311829, 0.8435483870967742, 0.8527956989247312, 0.8587096774193549, 0.8672043010752688, 0.8851612903225806, 0.8987096774193548, 0.9251612903225807, 0.9329032258064517, 0.9444086021505377, 0.9540860215053762, 0.9627956989247312, 0.9702150537634409, 0.9794623655913978, 0.9896774193548388, 0.996774193548387]
Printing y2 percentage of garr lost power nodes:
[0.10256410256410257, 0.14188034188034188, 0.14529914529914528, 0.14358974358974358, 0.14529914529914528, 0.1581196581196581, 0.17094017094017094, 0.19230769230769232, 0.1982905982905983, 0.20256410256410257, 0.20170940170940171, 0.24786324786324787, 0.2572649572649573, 0.26666666666666666, 0.28034188034188035, 0.30769230769230765, 0.3316239316239316, 0.3222222222222222, 0.36495726495726494, 0.3675213675213675, 0.37692307692307697, 0.41111111111111115, 0.4247863247863248, 0.42991452991452994, 0.44700854700854703, 0.4735042735042735, 0.4846153846153846, 0.5051282051282051, 0.5290598290598291, 0.558974358974359, 0.5837606837606838, 0.5982905982905983, 0.6239316239316239, 0.6316239316239316, 0.652991452991453, 0.6538461538461539, 0.6965811965811965, 0.7059829059829059, 0.7170940170940171, 0.7393162393162392, 0.7564102564102565, 0.7700854700854701, 0.8034188034188035, 0.8162393162393162, 0.8333333333333334, 0.8478632478632478, 0.8675213675213675, 0.8897435897435898, 0.917948717948718, 0.9341880341880342, 0.9487179487179487]
Printing y3: Number of failed edges:
[0.0, 0.020172910662824207, 0.040345821325648415, 0.06051873198847262, 0.08069164265129683, 0.10086455331412103, 0.12103746397694524, 0.14121037463976946, 0.16138328530259366, 0.18155619596541786, 0.20172910662824206, 0.2219020172910663, 0.2420749279538905, 0.2622478386167147, 0.2824207492795389, 0.3025936599423631, 0.3227665706051873, 0.3400576368876081, 0.36023054755043227, 0.38040345821325644, 0.4005763688760807, 0.4207492795389049, 0.4409221902017291, 0.4610951008645533, 0.4812680115273775, 0.5014409221902018, 0.5216138328530259, 0.5417867435158501, 0.5619596541786743, 0.5821325648414987, 0.6023054755043228, 0.622478386167147, 0.6426512968299711, 0.6628242074927954, 0.6801152737752162, 0.7002881844380403, 0.7204610951008645, 0.7406340057636888, 0.7608069164265129, 0.7809798270893372, 0.8011527377521614, 0.8213256484149856, 0.8414985590778098, 0.8616714697406339, 0.8818443804034583, 0.9020172910662825, 0.9221902017291066, 0.9423631123919308, 0.962536023054755, 0.9827089337175792, 1.0]
Printing y4: Delivered Power in power grid:
[-0.8982080532512532, -0.8821316865394244, -0.8660358466120006, -0.8529179796618942, -0.8382439906420387, -0.8227032602948358, -0.8052820639522533, -0.7894014080266628, -0.7740095981534407, -0.7589081847731259, -0.7416617922084505, -0.7232787577029315, -0.7057245642717949, -0.686706676318833, -0.6704666340870578, -0.6513728452180703, -0.63058616503544, -0.6157363989063696, -0.6001203934191495, -0.577273227643503, -0.5599214605917048, -0.542323276316745, -0.5261472598686705, -0.5117295776693706, -0.49759519250477463, -0.474262725327413, -0.4581900606634339, -0.4421741630925926, -0.42239684100921066, -0.4053183674798864, -0.3883268380161805, -0.3716227296221761, -0.3543054131715143, -0.3349571706087004, -0.317002377197055, -0.30114301923991227, -0.28247460205257, -0.2677900096856687, -0.25100547040083926, -0.22957537575843365, -0.21365468757720732, -0.1951580448101181, -0.17485278025718037, -0.15338412776733998, -0.13720629848007293, -0.11716480373300082, -0.10023397491506077, -0.07856623974875597, -0.061370269330212696, -0.04514408192216257, -0.03201664508504863]
Printing G1 percentage of failed :
[0.24838709677419354, 0.33548387096774196, 0.267741935483871, 0.27419354838709675, 0.26129032258064516, 0.3387096774193548, 0.3741935483870968, 0.36774193548387096, 0.4032258064516129, 0.2870967741935484, 0.2870967741935484, 0.49032258064516127, 0.3225806451612903, 0.33225806451612905, 0.43548387096774194, 0.4258064516129032, 0.4032258064516129, 0.3935483870967742, 0.38064516129032255, 0.4870967741935484, 0.432258064516129, 0.45161290322580644, 0.46774193548387094, 0.45161290322580644, 0.4612903225806452, 0.45806451612903226, 0.45483870967741935, 0.4612903225806452, 0.4838709677419355, 0.4967741935483871, 0.5709677419354838, 0.5774193548387097, 0.5064516129032258, 0.5258064516129032, 0.5645161290322581, 0.6193548387096774, 0.6451612903225806, 0.7225806451612903, 0.7451612903225806, 0.7419354838709677, 0.7354838709677419, 0.7516129032258064, 0.7580645161290323, 0.7677419354838709, 0.8193548387096774, 0.8387096774193549, 0.8483870967741935, 0.8709677419354839, 0.8741935483870967, 0.9967741935483871, 0.9967741935483871]
Printing G2 Percentage of failed:
[0.10256410256410256, 0.1282051282051282, 0.10256410256410256, 0.1282051282051282, 0.10256410256410256, 0.10256410256410256, 0.20512820512820512, 0.1794871794871795, 0.23076923076923078, 0.15384615384615385, 0.10256410256410256, 0.28205128205128205, 0.23076923076923078, 0.23076923076923078, 0.2564102564102564, 0.20512820512820512, 0.23076923076923078, 0.20512820512820512, 0.1794871794871795, 0.23076923076923078, 0.2564102564102564, 0.28205128205128205, 0.28205128205128205, 0.28205128205128205, 0.358974358974359, 0.358974358974359, 0.3333333333333333, 0.3333333333333333, 0.3333333333333333, 0.358974358974359, 0.38461538461538464, 0.41025641025641024, 0.38461538461538464, 0.4358974358974359, 0.5128205128205128, 0.5128205128205128, 0.5384615384615384, 0.5641025641025641, 0.5897435897435898, 0.5641025641025641, 0.5897435897435898, 0.6153846153846154, 0.6153846153846154, 0.6666666666666666, 0.7948717948717948, 0.8205128205128205, 0.8205128205128205, 0.8717948717948718, 0.8717948717948718, 0.9487179487179487, 0.9487179487179487]