Hviet and Garr, repeat 30 time Random based inter-dependency model:

Printing x:
[1.0, 0.98, 0.96, 0.94, 0.92, 0.9, 0.88, 0.86, 0.84, 0.8200000000000001, 0.8, 0.78, 0.76, 0.74, 0.72, 0.7, 0.6799999999999999, 0.6599999999999999, 0.64, 0.62, 0.6, 0.5800000000000001, 0.56, 0.54, 0.52, 0.5, 0.48, 0.45999999999999996, 0.43999999999999995, 0.42000000000000004, 0.4, 0.38, 0.36, 0.33999999999999997, 0.31999999999999995, 0.30000000000000004, 0.28, 0.26, 0.24, 0.21999999999999997, 0.19999999999999996, 0.18000000000000005, 0.16000000000000003, 0.14, 0.12, 0.09999999999999998, 0.07999999999999996, 0.06000000000000005, 0.040000000000000036, 0.020000000000000018, 0.0]
Printing y: Percentage of hviet uncontrollable nodes
[0.8191397849462365, 0.7989247311827957, 0.7786021505376345, 0.7737634408602151, 0.7565591397849462, 0.7544086021505376, 0.8108602150537634, 0.8023655913978495, 0.7941935483870968, 0.8147311827956989, 0.8155913978494624, 0.8820430107526882, 0.8888172043010752, 0.9020430107526882, 0.8667741935483871, 0.9053763440860215, 0.9011827956989247, 0.95, 0.9349462365591398, 0.9088172043010753, 0.9410752688172043, 0.9276344086021505, 0.9387096774193548, 0.9635483870967742, 0.9449462365591398, 0.9590322580645161, 0.9507526881720431, 0.9701075268817204, 0.943763440860215, 0.9675268817204301, 0.9638709677419356, 0.9711827956989247, 0.9604301075268817, 0.9783870967741936, 0.9568817204301076, 0.9838709677419355, 0.9790322580645161, 0.9803225806451613, 0.9749462365591398, 0.9759139784946237, 0.97752688172043, 0.9895698924731183, 0.9826881720430107, 0.9812903225806451, 0.9789247311827957, 0.9908602150537634, 0.9832258064516128, 0.9901075268817204, 0.9882795698924731, 0.9916129032258065, 0.9895698924731183]
Printing y2 percentage of garr lost power nodes:
[0.7811965811965812, 0.7444444444444444, 0.7299145299145299, 0.7213675213675214, 0.6965811965811965, 0.6871794871794872, 0.758974358974359, 0.7470085470085469, 0.7341880341880341, 0.7623931623931625, 0.758974358974359, 0.8461538461538461, 0.8504273504273505, 0.8717948717948718, 0.8162393162393162, 0.8700854700854701, 0.8581196581196582, 0.9316239316239316, 0.9051282051282051, 0.8692307692307693, 0.9188034188034189, 0.8931623931623932, 0.905982905982906, 0.9384615384615385, 0.9196581196581197, 0.9341880341880342, 0.9264957264957265, 0.9564102564102565, 0.9085470085470085, 0.9452991452991453, 0.9393162393162393, 0.9487179487179487, 0.9324786324786325, 0.9598290598290599, 0.9264957264957265, 0.9743589743589743, 0.9615384615384616, 0.9598290598290599, 0.9512820512820513, 0.9521367521367522, 0.9555555555555556, 0.9811965811965812, 0.9641025641025641, 0.9623931623931624, 0.9572649572649573, 0.9786324786324786, 0.9615384615384616, 0.9786324786324786, 0.9752136752136752, 0.9786324786324786, 0.976068376068376]
Printing y3: Number of failed edges:
[0.0, 0.020172910662824207, 0.040345821325648415, 0.06051873198847262, 0.08069164265129683, 0.10086455331412103, 0.12103746397694524, 0.14121037463976946, 0.16138328530259366, 0.18155619596541786, 0.20172910662824206, 0.2219020172910663, 0.2420749279538905, 0.2622478386167147, 0.2824207492795389, 0.3025936599423631, 0.3227665706051873, 0.3400576368876081, 0.36023054755043227, 0.38040345821325644, 0.4005763688760807, 0.4207492795389049, 0.4409221902017291, 0.4610951008645533, 0.4812680115273775, 0.5014409221902018, 0.5216138328530259, 0.5417867435158501, 0.5619596541786743, 0.5821325648414987, 0.6023054755043228, 0.622478386167147, 0.6426512968299711, 0.6628242074927954, 0.6801152737752162, 0.7002881844380403, 0.7204610951008645, 0.7406340057636888, 0.7608069164265129, 0.7809798270893372, 0.8011527377521614, 0.8213256484149856, 0.8414985590778098, 0.8616714697406339, 0.8818443804034583, 0.9020172910662825, 0.9221902017291066, 0.9423631123919308, 0.962536023054755, 0.9827089337175792, 1.0]
Printing y4: Delivered Power in power grid:
[-0.8982080532512532, -0.8821316865394244, -0.8660358466120006, -0.8529179796618942, -0.8382439906420387, -0.8227032602948358, -0.8052820639522533, -0.7894014080266628, -0.7740095981534407, -0.7589081847731259, -0.7416617922084505, -0.7232787577029315, -0.7057245642717949, -0.686706676318833, -0.6704666340870578, -0.6513728452180703, -0.63058616503544, -0.6157363989063696, -0.6001203934191495, -0.577273227643503, -0.5599214605917048, -0.542323276316745, -0.5261472598686705, -0.5117295776693706, -0.49759519250477463, -0.474262725327413, -0.4581900606634339, -0.4421741630925926, -0.42239684100921066, -0.4053183674798864, -0.3883268380161805, -0.3716227296221761, -0.3543054131715143, -0.3349571706087004, -0.317002377197055, -0.30114301923991227, -0.28247460205257, -0.2677900096856687, -0.25100547040083926, -0.22957537575843365, -0.21365468757720732, -0.1951580448101181, -0.17485278025718037, -0.15338412776733998, -0.13720629848007293, -0.11716480373300082, -0.10023397491506077, -0.07856623974875597, -0.061370269330212696, -0.04514408192216257, -0.03201664508504863]
Printing G1 percentage of failed :
[0.832258064516129, 0.8935483870967742, 0.6483870967741936, 0.6225806451612903, 0.7967741935483871, 1.0, 0.9419354838709677, 0.5774193548387097, 1.0, 1.0, 0.9032258064516129, 1.0, 1.0, 0.8612903225806452, 1.0, 1.0, 0.9741935483870968, 1.0, 0.7903225806451613, 0.8258064516129032, 0.8548387096774194, 1.0, 0.9838709677419355, 1.0, 0.9096774193548387, 0.9258064516129032, 0.9, 1.0, 1.0, 0.7129032258064516, 1.0, 0.9903225806451613, 1.0, 0.967741935483871, 0.7806451612903226, 1.0, 0.8838709677419355, 1.0, 1.0, 0.9806451612903225, 0.9774193548387097, 0.967741935483871, 1.0, 1.0, 0.9774193548387097, 1.0, 1.0, 1.0, 1.0, 1.0, 1.0]
Printing G2 Percentage of failed:
[0.8205128205128205, 0.8717948717948718, 0.5641025641025641, 0.5384615384615384, 0.7692307692307693, 1.0, 0.9487179487179487, 0.46153846153846156, 1.0, 1.0, 0.8717948717948718, 1.0, 1.0, 0.8461538461538461, 1.0, 1.0, 0.9487179487179487, 1.0, 0.6666666666666666, 0.717948717948718, 0.8205128205128205, 1.0, 0.9743589743589743, 1.0, 0.8717948717948718, 0.8717948717948718, 0.8461538461538461, 1.0, 1.0, 0.5384615384615384, 1.0, 0.9743589743589743, 1.0, 0.9487179487179487, 0.6153846153846154, 1.0, 0.7692307692307693, 1.0, 1.0, 0.9487179487179487, 0.9230769230769231, 0.9487179487179487, 1.0, 1.0, 0.9487179487179487, 1.0, 1.0, 1.0, 1.0, 1.0, 1.0]