-31.8172173
-31.8172173
-31.8172173
-31.8172173
-31.8172173
-31.8172173
-31.8172173
-31.8172173
-31.8172173
-31.8172173
-31.8172173
-31.8172173
-31.8172173
-31.8172173
-31.8172173
-31.8172173
-31.8172173
-31.8172173
-31.8172173
-31.8172173
-31.8172173
-31.8172173
-31.8172173
-31.5227873
-31.5227873
-31.5227873
-31.5227873
-31.5227873
-31.5227873
-31.5227873
-31.5227873
-30.8611773
-30.8611773
-30.8611773
-30.8611773
-30.4362673
-30.4362673
-30.4362673
-30.4362673
-29.8577373
-29.8577373
-29.8577373
-29.8577373
-29.8577373
-29.8577373
-29.8577373
-29.8577373
-29.8577373
-29.8577373
-29.6910673
-29.6910673
-29.6910673
-29.6910673
-29.6910673
-29.6910673
-29.6697333
-29.6697333
-29.6697333
-29.6697333
-29.6697333
-29.6697333
-29.6697333
-29.6697333
-29.6697333
-29.6697333
-29.6697333
-29.6697333
-29.6697333
-29.6697333
-29.6697333
-29.6697333
-29.6697333
-29.6697333
-29.6697333
-29.6697333
-29.6697333
-29.6697333
-29.6697333
-29.6363906408
-29.6363906408
-29.6179906408
-29.6179906408
-29.3928962287
-29.0609839263
-29.0609839263
-29.0609839263
-29.0609839263
-29.0117759263
-28.9857759263
-28.4061759263
-28.4061759263
-28.4061759263
-27.8098259263
-27.8098259263
-27.4723059263
-27.4723059263
-27.4723059263
-27.3799695707
-27.3799695707
-27.3799695707
-27.3799695707
-27.3799695707
-27.3799695707
-27.3799695707
-27.3799695707
-27.3799695707
-27.3799695707
-27.3799695707
-27.3799695707
-27.3799695707
-26.3799695707
-25.4133122299
-25.0974722299
-25.0974722299
-25.0974722299
-25.0974722299
-25.0974722299
-25.0974722299
-25.0974722299
-24.8766222299
-24.0382348976
-24.0382348976
-24.0382348976
-24.0382348976
-24.0382348976
-23.8444548976
-23.7663887359
-23.7663887359
-22.8947287359
-22.8947287359
-22.8947287359
-22.8947287359
-22.8947287359
-22.8947287359
-22.8947287359
-22.8947287359
-22.8947287359
-22.8947287359
-22.8947287359
-22.5302389535
-22.2826489535
-22.2826489535
-22.2826489535
-22.2826489535
-21.8745089535
-21.8745089535
-21.8745089535
-21.8745089535
-21.8745089535
-21.8745089535
-21.8745089535
-20.8745089535
-19.8745089535
-19.8745089535
-19.8745089535
-19.8745089535
-19.8745089535
-19.0369792298
-18.5302092298
-18.5302092298
-18.5302092298
-18.5302092298
-18.303653018
-16.303653018
-16.303653018
-16.303653018
-16.303653018
-15.303653018
-15.303653018
-15.303653018
-13.599333018
-13.599333018
-13.599333018
-13.201923018
-12.923611818
-12.612201818
-12.612201818
-12.612201818
-12.612201818
-12.612201818
-12.612201818
-11.597311818
-11.597311818
-11.597311818
-11.597311818
-11.096481818
-11.096481818
-11.096481818
-11.096481818
-11.096481818
-11.096481818
-10.520131818
-10.520131818
-10.520131818
-10.4271689858
-9.06536898579
-9.06536898579
-9.06536898579
-9.06536898579
-9.06536898579
-8.72571898579
-6.34234558579
-6.34234558579
-6.34234558579
-6.34234558579
-6.34234558579
-5.88271462985
-5.88271462985
-4.65461502985
-4.65461502985
-4.65461502985
-4.65461502985
-4.65461502985
-4.65461502985
-3.51308502985
-3.51308502985
-3.51308502985
-3.51308502985
-3.51308502985
-3.51308502985
-3.51308502985
-3.51308502985
-3.51308502985
-3.51308502985
-2.56506502985
-2.56506502985
-1.23724502985
-1.23724502985
-1.23724502985
-1.23724502985
-1.23724502985
-1.23724502985
-1.23724502985
-1.23724502985
-1.23724502985
-1.23724502985
-1.23724502985
-1.23724502985
-1.23724502985
-1.23724502985
-1.23724502985
-1.23724502985
-1.23724502985
-1.23724502985
-1.23724502985
-1.23724502985
-1.23724502985
-1.23724502985
-1.23724502985
-1.23724502985
-1.23724502985
-1.23724502985
-1.23724502985
-1.23724502985
-1.23724502985
-1.23724502985
-1.23724502985
-1.23724502985
-1.23724502985
-1.23724502985
0
0
0
0
0
0
0
0
0
0
0
0
0
0
0
0
0
0
0
0
0
0
0
0
0
0
0
0
0
0
0
0
0
0
0
0
0
0
0
0
0
0
0
0
0
0
0
0
0
0
0
0
0
0
0
0
0
0
0
0
0
0
0
0
0
0
0
0
0
0
0
0
0
0
0
0
0
0
0
0
0
0
0
0
0
0
0
0
0
0
0
0
0
0
0
0
0
0
0
0
