2863.549557
2863.549557
2863.549557
2863.549557
2863.549557
2863.549557
2863.549557
2863.549557
2863.549557
2863.549557
2863.549557
2863.549557
2863.549557
2863.549557
2863.549557
2863.549557
2863.549557
2863.549557
2866.305357
2866.305357
2866.305357
2866.305357
2866.305357
2866.305357
2866.305357
2866.305357
2866.305357
2866.305357
2866.305357
2866.305357
2869.249657
2869.249657
2869.249657
2869.249657
2869.249657
2869.249657
2869.249657
2869.249657
2869.249657
2869.249657
2869.249657
2894.580897
2894.580897
2894.580897
2897.392997
2897.392997
2897.392997
2897.392997
2897.392997
2897.392997
2897.392997
2897.392997
2897.392997
2897.392997
2897.392997
2897.392997
2897.392997
2897.392997
2897.392997
2897.392997
2897.392997
2897.392997
2897.392997
2897.392997
2897.392997
2901.642097
2901.642097
2901.642097
2901.642097
2901.642097
2906.940557
2906.940557
2906.940557
2906.940557
2906.940557
2906.940557
2906.940557
2906.940557
2906.940557
2906.940557
2906.940557
2910.461857
2910.461857
2910.461857
2910.461857
2910.461857
2910.461857
2916.885157
2916.885157
2916.885157
2916.885157
2916.885157
2916.885157
2922.670457
2922.670457
2922.670457
2925.285357
2925.285357
2925.285357
2925.285357
2925.285357
2925.285357
2925.285357
2925.285357
2925.285357
2925.285357
2925.285357
2929.259457
2929.259457
2929.259457
2929.259457
2929.259457
2929.259457
2929.259457
2929.259457
2929.259457
2934.554757
2939.332957
2939.332957
2943.852057
2943.852057
2948.679857
2948.679857
2948.679857
2948.679857
2948.679857
2948.679857
2948.679857
2959.260487
2959.260487
2959.260487
2959.260487
2959.260487
2959.260487
2959.260487
2985.643208
2985.643208
2985.643208
2988.940408
2988.940408
2988.940408
2988.940408
2988.940408
2988.940408
2988.940408
2991.323908
2991.323908
2991.323908
2991.323908
2991.323908
2991.323908
2991.323908
2991.323908
2991.323908
2991.323908
2991.323908
2991.323908
2997.884308
3002.300208
3002.300208
3002.300208
3002.300208
3002.300208
3004.780208
3004.780208
3004.780208
3004.780208
3004.780208
3004.780208
3006.974608
3006.974608
3006.974608
3006.974608
3006.974608
3013.591408
3034.441184
3034.441184
3034.441184
3036.074974
3057.449774
3060.563874
3060.563874
3060.563874
3060.563874
3060.563874
3060.563874
3060.563874
3060.613386
3060.613386
3060.613386
3060.613386
3060.613386
3060.613386
3060.613386
3060.613386
3060.613386
3081.902196
3081.902196
3081.902196
3081.902196
3081.902196
3081.902196
3081.902196
3081.902196
3081.902196
3081.902196
3081.902196
3081.902196
3081.902196
3081.902196
3081.902196
3102.333996
3102.333996
3102.333996
3102.333996
3102.333996
3102.333996
3119.697396
3119.697396
3119.697396
3119.697396
3119.697396
3119.697396
3119.697396
3142.772596
3142.772596
3142.772596
3142.772596
3142.772596
3142.772596
3142.772596
3142.772596
3142.772596
3142.772596
3142.772596
3157.264596
3157.264596
3157.264596
3162.356396
3162.356396
3162.356396
3162.356396
3181.72173
3181.72173
3181.72173
3181.72173
3181.72173
3181.72173
3181.72173
3181.72173
3181.72173
3181.72173
3181.72173
3181.72173
3181.72173
3181.72173
3181.72173
3181.72173
3181.72173
3181.72173
3181.72173
3181.72173
3181.72173
3181.72173
3181.72173
3181.72173
3181.72173
3181.72173
3181.72173
3181.72173
3181.72173
3181.72173
3181.72173
3181.72173
3181.72173
3181.72173
3181.72173
3181.72173
3181.72173
3181.72173
3181.72173
3181.72173
3181.72173
3181.72173
3181.72173
3181.72173
3181.72173
3181.72173
3181.72173
3181.72173
3181.72173
3181.72173
3181.72173
3181.72173
3181.72173
3181.72173
3181.72173
3181.72173
3181.72173
3181.72173
3181.72173
3181.72173
3181.72173
3181.72173
3181.72173
3181.72173
3181.72173
3181.72173
3181.72173
3181.72173
3181.72173
3181.72173
3181.72173
3181.72173
3181.72173
3181.72173
3181.72173
3181.72173
3181.72173
3181.72173
3181.72173
3181.72173
3181.72173
3181.72173
3181.72173
3181.72173
3181.72173
3181.72173
3181.72173
3181.72173
3181.72173
3181.72173
3181.72173
3181.72173
3181.72173
3181.72173
3181.72173
3181.72173
3181.72173
3181.72173
3181.72173
3181.72173
3181.72173
3181.72173
3181.72173
3181.72173
3181.72173
3181.72173
3181.72173
3181.72173
3181.72173
3181.72173
3181.72173
3181.72173
3181.72173
3181.72173
3181.72173
3181.72173
3181.72173
3181.72173
