-31.8172173
-31.8172173
-31.8172173
-31.8172173
-31.8172173
-31.8172173
-31.8172173
-31.8172173
-31.8172173
-31.8172173
-31.8172173
-31.8172173
-31.8172173
-31.8172173
-31.8172173
-31.8172173
-31.8172173
-31.2267373
-31.2267373
-31.2267373
-31.2267373
-31.2267373
-31.2267373
-31.2267373
-31.2267373
-30.6827473
-30.6827473
-30.6827473
-30.6827473
-30.6827473
-30.6827473
-30.6827473
-30.6827473
-30.6827473
-30.6827473
-30.6827473
-30.6827473
-30.6827473
-30.2707773
-30.2707773
-30.2707773
-30.2707773
-30.2707773
-30.2707773
-30.2707773
-30.2707773
-30.2707773
-30.2707773
-30.2707773
-30.2707773
-30.2707773
-30.2707773
-30.2707773
-30.2707773
-30.2707773
-30.2707773
-30.2707773
-30.2707773
-30.2707773
-30.2707773
-30.2707773
-30.2707773
-30.2707773
-30.2707773
-30.2707773
-30.2707773
-30.2707773
-30.2707773
-30.2707773
-29.6153673
-29.6153673
-29.1340873448
-28.4113973448
-27.5556673448
-27.5556673448
-27.5556673448
-27.5556673448
-27.5556673448
-27.5556673448
-27.5556673448
-26.6230361448
-26.6230361448
-26.6230361448
-26.0437171336
-26.0437171336
-25.9088678606
-25.7827671336
-25.7827671336
-25.7827671336
-25.7192641336
-24.3301441336
-24.3301441336
-24.3301441336
-23.7721541336
-23.7721541336
-23.7721541336
-23.7721541336
-23.7721541336
-23.4607441336
-23.4607441336
-23.4607441336
-23.4607441336
-23.4187445336
-23.4187445336
-23.4187445336
-23.4187445336
-22.9095645336
-21.6146145336
-21.6146145336
-21.6146145336
-21.6146145336
-21.0363673106
-21.0363673106
-21.0363673106
-21.0363673106
-20.1590073106
-19.8804439106
-19.8804439106
-19.8804439106
-19.8804439106
-19.8804439106
-19.8804439106
-19.8804439106
-19.8804439106
-19.8804439106
-19.8804439106
-19.8804439106
-19.8804439106
-19.7191439106
-19.4723039106
-19.4634111
-19.2024611
-19.2024611
-19.2024611
-19.1532531
-19.1532531
-19.1532531
-19.1532531
-19.1532531
-19.1532531
-19.1532531
-19.1532531
-19.0444831
-17.9454059106
-17.9454059106
-17.9454059106
-17.9454059106
-17.9454059106
-17.9454059106
-17.8905959106
-17.8905959106
-17.8905959106
-17.8905959106
-17.8905959106
-16.7679559106
-16.5662459106
-16.5662459106
-16.5662459106
-16.0522359106
-16.0522359106
-16.0522359106
-16.0522359106
-16.0522359106
-15.7578059106
-14.7751029106
-12.4869029106
-12.4869029106
-12.4869029106
-12.4869029106
-12.4869029106
-10.8895729106
-9.15791781061
-9.15791781061
-9.15791781061
-9.15791781061
-9.15791781061
-9.15791781061
-9.15791781061
-8.08263781061
-8.08263781061
-8.08263781061
-8.08263781061
-8.08263781061
-5.23566381061
-5.23566381061
-5.23566381061
-5.20357281061
-5.20357281061
-5.20357281061
-5.20357281061
-5.20357281061
-5.20357281061
-5.20357281061
-5.20357281061
-5.20357281061
-5.20357281061
-4.5636
-2.0
-2.0
-2.0
-2.0
-2.0
-2.0
-2.0
-2.0
-2.0
-2.0
-2.0
-2.0
-2.0
-2.0
-2.0
-1.65373984023
-1.65373984023
-1.65373984023
-1.65373984023
0
0
0
0
0
0
0
0
0
0
0
0
0
0
0
0
0
0
0
0
0
0
0
0
0
0
0
0
0
0
0
0
0
0
0
0
0
0
0
0
0
0
0
0
0
0
0
0
0
0
0
0
0
0
0
0
0
0
0
0
0
0
0
0
0
0
0
0
0
0
0
0
0
0
0
0
0
0
0
0
0
0
0
0
0
0
0
0
0
0
0
0
0
0
0
0
0
0
0
0
0
0
0
0
0
0
0
0
0
0
0
0
0
0
0
0
0
0
0
0
0
0
0
0
0
0
0
0
0
0
0
0
0
0
0
0
0
0
0
0
0
0
0
0
