3.5527136788e-13
3.5527136788e-13
3.5527136788e-13
3.5527136788e-13
3.5527136788e-13
3.5527136788e-13
3.5527136788e-13
3.5527136788e-13
3.5527136788e-13
3.5527136788e-13
3.5527136788e-13
3.5527136788e-13
3.5527136788e-13
3.5527136788e-13
3.5527136788e-13
3.5527136788e-13
3.5527136788e-13
3.5527136788e-13
3.5527136788e-13
3.5527136788e-13
3.5527136788e-13
3.5527136788e-13
3.5527136788e-13
3.5527136788e-13
3.5527136788e-13
3.5527136788e-13
3.5527136788e-13
3.5527136788e-13
3.5527136788e-13
66.9636000001
66.9636000001
66.9636000001
66.9636000001
66.9636000001
67.4587200001
67.4587200001
67.4587200001
67.4587200001
208.78172
310.01112
310.01112
310.01112
310.01112
310.01112
310.01112
310.01112
310.01112
310.01112
310.01112
310.01112
310.01112
310.01112
375.61512
375.61512
375.61512
375.61512
381.84912
381.84912
381.84912
381.84912
381.84912
383.68912
383.68912
383.68912
383.68912
383.68912
383.68912
383.68912
383.68912
383.68912
465.35612
465.35612
465.35612
465.35612
465.35612
492.69212
492.69212
492.69212
492.69212
492.69212
535.90712
535.90712
535.90712
535.90712
535.90712
535.90712
535.90712
622.03812
622.03812
622.03812
622.03812
654.34912
654.34912
654.34912
654.34912
654.34912
654.34912
654.34912
654.34912
654.34912
654.34912
654.34912
654.34912
654.34912
654.34912
654.34912
654.34912
696.38912
696.38912
696.38912
696.38912
696.38912
696.38912
696.38912
796.38912
796.38912
796.38912
796.38912
920.37742
920.37742
920.37742
920.37742
946.588181504
982.801762769
1125.78924007
1183.74924007
1183.74924007
1295.10777804
1346.17077804
1346.17077804
1346.17077804
1346.17077804
1346.17077804
1346.17077804
1346.17077804
1346.17077804
1346.17077804
1346.17077804
1346.17077804
1346.17077804
1346.17077804
1346.17077804
1346.17077804
1445.86230074
1550.16030074
1550.16030074
1550.16030074
1550.16030074
1641.90019922
1699.52719922
1699.52719922
1699.52719922
1699.52719922
1835.22453922
1835.22453922
1835.22453922
1835.22453922
1835.22453922
1878.91670449
2031.13470449
2031.13470449
2031.13470449
2031.13470449
2031.13470449
2031.13470449
2327.7968557
2327.7968557
2327.7968557
2327.7968557
2327.7968557
2327.7968557
2427.7968557
2427.7968557
2580.8058557
2580.8058557
2580.8058557
2580.8058557
2580.8058557
2580.8058557
2580.8058557
2580.8058557
2580.8058557
2580.8058557
2580.8058557
2580.8058557
2580.8058557
2580.8058557
2580.8058557
2580.8058557
2580.8058557
2580.8058557
2580.8058557
2960.19473
2960.19473
2960.19473
3060.53873
3060.53873
3060.53873
3060.53873
3060.53873
3060.53873
3060.53873
3060.53873
3181.72173
3181.72173
3181.72173
3181.72173
3181.72173
3181.72173
3181.72173
3181.72173
3181.72173
3181.72173
3181.72173
3181.72173
3181.72173
3181.72173
3181.72173
3181.72173
3181.72173
3181.72173
3181.72173
3181.72173
3181.72173
3181.72173
3181.72173
3181.72173
3181.72173
3181.72173
3181.72173
3181.72173
3181.72173
3181.72173
3181.72173
3181.72173
3181.72173
3181.72173
3181.72173
3181.72173
3181.72173
3181.72173
3181.72173
3181.72173
3181.72173
3181.72173
3181.72173
3181.72173
3181.72173
3181.72173
3181.72173
3181.72173
3181.72173
3181.72173
3181.72173
3181.72173
3181.72173
3181.72173
3181.72173
3181.72173
3181.72173
3181.72173
3181.72173
3181.72173
3181.72173
3181.72173
3181.72173
3181.72173
3181.72173
3181.72173
3181.72173
3181.72173
3181.72173
3181.72173
3181.72173
3181.72173
3181.72173
3181.72173
3181.72173
3181.72173
3181.72173
3181.72173
3181.72173
3181.72173
3181.72173
3181.72173
3181.72173
3181.72173
3181.72173
3181.72173
3181.72173
3181.72173
3181.72173
3181.72173
3181.72173
3181.72173
3181.72173
3181.72173
3181.72173
3181.72173
3181.72173
3181.72173
3181.72173
3181.72173
3181.72173
3181.72173
3181.72173
3181.72173
3181.72173
3181.72173
3181.72173
3181.72173
3181.72173
3181.72173
3181.72173
3181.72173
3181.72173
3181.72173
3181.72173
3181.72173
3181.72173
3181.72173
3181.72173
3181.72173
3181.72173
3181.72173
3181.72173
3181.72173
3181.72173
3181.72173
3181.72173
3181.72173
3181.72173
3181.72173
3181.72173
3181.72173
3181.72173
3181.72173
3181.72173
3181.72173
3181.72173
3181.72173
3181.72173
3181.72173
3181.72173
3181.72173
3181.72173
3181.72173
3181.72173
3181.72173
3181.72173
3181.72173
3181.72173
3181.72173
3181.72173
3181.72173
3181.72173
3181.72173
3181.72173
3181.72173
3181.72173
