3.5527136788e-13
3.5527136788e-13
3.5527136788e-13
3.5527136788e-13
3.5527136788e-13
3.5527136788e-13
3.5527136788e-13
3.5527136788e-13
3.5527136788e-13
3.5527136788e-13
3.5527136788e-13
3.5527136788e-13
3.5527136788e-13
3.5527136788e-13
3.5527136788e-13
3.5527136788e-13
3.5527136788e-13
59.048
59.048
59.048
59.048
59.048
59.048
59.048
59.048
113.447
113.447
113.447
113.447
113.447
113.447
113.447
113.447
113.447
113.447
113.447
113.447
113.447
154.644
154.644
154.644
154.644
154.644
154.644
154.644
154.644
154.644
154.644
154.644
154.644
154.644
154.644
154.644
154.644
154.644
154.644
154.644
154.644
154.644
154.644
154.644
154.644
154.644
154.644
154.644
154.644
154.644
154.644
154.644
220.185
220.185
268.312995524
340.581995524
426.154995524
426.154995524
426.154995524
426.154995524
426.154995524
426.154995524
426.154995524
519.418115524
519.418115524
519.418115524
577.350016641
577.350016641
590.834943939
603.445016641
603.445016641
603.445016641
609.795316641
748.707316641
748.707316641
748.707316641
804.506316641
804.506316641
804.506316641
804.506316641
804.506316641
835.647316641
835.647316641
835.647316641
835.647316641
839.847276641
839.847276641
839.847276641
839.847276641
890.765276641
1020.26027664
1020.26027664
1020.26027664
1020.26027664
1078.08499894
1078.08499894
1078.08499894
1078.08499894
1165.82099894
1193.67733894
1193.67733894
1193.67733894
1193.67733894
1193.67733894
1193.67733894
1193.67733894
1193.67733894
1193.67733894
1193.67733894
1193.67733894
1193.67733894
1209.80733894
1234.49133894
1235.38062
1261.47562
1261.47562
1261.47562
1266.39642
1266.39642
1266.39642
1266.39642
1266.39642
1266.39642
1266.39642
1266.39642
1277.27342
1387.18113894
1387.18113894
1387.18113894
1387.18113894
1387.18113894
1387.18113894
1392.66213894
1392.66213894
1392.66213894
1392.66213894
1392.66213894
1504.92613894
1525.09713894
1525.09713894
1525.09713894
1576.49813894
1576.49813894
1576.49813894
1576.49813894
1576.49813894
1605.94113894
1704.21143894
1933.03143894
1933.03143894
1933.03143894
1933.03143894
1933.03143894
2092.76443894
2265.92994894
2265.92994894
2265.92994894
2265.92994894
2265.92994894
2265.92994894
2265.92994894
2373.45794894
2373.45794894
2373.45794894
2373.45794894
2373.45794894
2658.15534894
2658.15534894
2658.15534894
2661.36444894
2661.36444894
2661.36444894
2661.36444894
2661.36444894
2661.36444894
2661.36444894
2661.36444894
2661.36444894
2661.36444894
2725.36173
2981.72173
2981.72173
2981.72173
2981.72173
2981.72173
2981.72173
2981.72173
2981.72173
2981.72173
2981.72173
2981.72173
2981.72173
2981.72173
2981.72173
2981.72173
3016.34774598
3016.34774598
3016.34774598
3016.34774598
3181.72173
3181.72173
3181.72173
3181.72173
3181.72173
3181.72173
3181.72173
3181.72173
3181.72173
3181.72173
3181.72173
3181.72173
3181.72173
3181.72173
3181.72173
3181.72173
3181.72173
3181.72173
3181.72173
3181.72173
3181.72173
3181.72173
3181.72173
3181.72173
3181.72173
3181.72173
3181.72173
3181.72173
3181.72173
3181.72173
3181.72173
3181.72173
3181.72173
3181.72173
3181.72173
3181.72173
3181.72173
3181.72173
3181.72173
3181.72173
3181.72173
3181.72173
3181.72173
3181.72173
3181.72173
3181.72173
3181.72173
3181.72173
3181.72173
3181.72173
3181.72173
3181.72173
3181.72173
3181.72173
3181.72173
3181.72173
3181.72173
3181.72173
3181.72173
3181.72173
3181.72173
3181.72173
3181.72173
3181.72173
3181.72173
3181.72173
3181.72173
3181.72173
3181.72173
3181.72173
3181.72173
3181.72173
3181.72173
3181.72173
3181.72173
3181.72173
3181.72173
3181.72173
3181.72173
3181.72173
3181.72173
3181.72173
3181.72173
3181.72173
3181.72173
3181.72173
3181.72173
3181.72173
3181.72173
3181.72173
3181.72173
3181.72173
3181.72173
3181.72173
3181.72173
3181.72173
3181.72173
3181.72173
3181.72173
3181.72173
3181.72173
3181.72173
3181.72173
3181.72173
3181.72173
3181.72173
3181.72173
3181.72173
3181.72173
3181.72173
3181.72173
3181.72173
3181.72173
3181.72173
3181.72173
3181.72173
3181.72173
3181.72173
3181.72173
3181.72173
3181.72173
3181.72173
3181.72173
3181.72173
3181.72173
3181.72173
3181.72173
3181.72173
3181.72173
3181.72173
3181.72173
3181.72173
3181.72173
3181.72173
3181.72173
3181.72173
3181.72173
3181.72173
3181.72173
3181.72173
3181.72173
3181.72173
3181.72173
3181.72173
