-31.8172173
-31.8172173
-31.8172173
-31.8172173
-31.8172173
-31.8172173
-31.8172173
-31.8172173
-31.8172173
-31.8172173
-31.8172173
-31.8172173
-31.8172173
-31.8172173
-31.8172173
-31.8172173
-31.8172173
-31.8172173
-31.8172173
-31.8172173
-31.8172173
-31.8172173
-31.8172173
-31.8172173
-31.8172173
-31.8172173
-31.8172173
-31.8172173
-31.8172173
-31.5227873
-31.5227873
-31.5227873
-31.5227873
-31.5227873
-31.5227873
-31.5227873
-31.5227873
-31.5227873
-31.5227873
-31.5227873
-31.5227873
-31.5227873
-31.5227873
-31.5227873
-31.5227873
-31.3239273
-31.3239273
-31.3239273
-31.3239273
-31.3239273
-31.3239273
-31.3239273
-31.3239273
-31.3239273
-31.3239273
-31.3239273
-31.3239273
-31.3239273
-31.3239273
-31.3239273
-31.3239273
-31.3239273
-31.3239273
-30.4522673
-30.0402973
-30.0402973
-30.0402973
-30.0402973
-30.0402973
-30.0402973
-30.0402973
-30.0402973
-30.0402973
-30.0402973
-29.844907783
-29.802567346
-29.802567346
-29.802567346
-29.802567346
-29.802567346
-29.802567346
-29.802567346
-29.802567346
-29.802567346
-29.802567346
-29.360977346
-28.027334346
-28.027334346
-28.027334346
-28.027334346
-27.943605346
-27.943605346
-27.943605346
-27.943605346
-27.943605346
-27.943605346
-27.943605346
-27.943605346
-27.943605346
-27.943605346
-27.943605346
-27.943605346
-27.943605346
-27.943605346
-27.426057246
-27.426057246
-27.426057246
-27.426057246
-27.426057246
-27.426057246
-27.426057246
-27.426057246
-27.426057246
-27.426057246
-27.1250441139
-27.1250441139
-27.1250441139
-27.1250441139
-27.1250441139
-26.383177246
-26.184617246
-26.184617246
-26.184617246
-26.184617246
-26.184617246
-26.184617246
-26.184617246
-26.116777246
-25.4636572
-25.4636572
-25.4636572
-24.8956972
-23.7960372
-23.7960372
-23.7960372
-23.6872672
-23.6872672
-22.6694572
-22.6694572
-22.6694572
-22.6694572
-22.593273137
-21.5550611415
-21.3804776
-21.3804776
-21.3804776
-21.3804776
-19.2708976
-19.2708976
-19.2708976
-18.9796176
-18.9796176
-18.9796176
-18.9796176
-18.6577884069
-18.6577884069
-18.4234066
-18.2708976
-16.9132276
-16.9132276
-16.7413963931
-16.7413963931
-16.7413963931
-16.7413963931
-15.9919363931
-15.9919363931
-15.9919363931
-15.9919363931
-15.9919363931
-15.9919363931
-14.4530753931
-14.4530753931
-14.4530753931
-14.4530753931
-14.4530753931
-14.4530753931
-14.4530753931
-13.7943453931
-13.7943453931
-13.7943453931
-13.7943453931
-13.7943453931
-13.7943453931
-13.4532068034
-13.4532068034
-13.4532068034
-13.4532068034
-13.4532068034
-13.4532068034
-13.4532068034
-13.4532068034
-13.4532068034
-12.6250380104
-12.6250380104
-12.6250380104
-12.3147788173
-12.3147788173
-12.3098276173
-11.8212096173
-11.8212096173
-11.8212096173
-11.1902431588
-11.1902431588
-11.1902431588
-10.9117631588
-8.87007975884
-8.87007975884
-8.87007975884
-8.87007975884
-8.87007975884
-8.87007975884
-8.87007975884
-5.39133480692
-5.39133480692
-4.38789480692
-2.976634
-2.590276
-2.590276
-2.590276
-1.859886
-1.859886
-1.222534
-1.222534
-1.222534
-1.222534
-1.222534
-1.222534
-1.222534
-1.222534
-1.222534
-1.222534
-1.222534
-1.222534
-1.222534
-1.222534
-1.222534
-1.222534
-1.222534
-1.222534
-1.222534
-1.222534
-1.222534
-1.222534
0
0
0
0
0
0
0
0
0
0
0
0
0
0
0
0
0
0
0
0
0
0
0
0
0
0
0
0
0
0
0
0
0
0
0
0
0
0
0
0
0
0
0
0
0
0
0
0
0
0
0
0
0
0
0
0
0
0
0
0
0
0
0
0
0
0
0
0
0
0
0
0
0
0
0
0
0
0
0
0
0
0
0
0
0
0
0
0
0
0
0
0
0
0
0
0
0
0
0
0
0
0
0
0
0
0
0
0
0
0
0
0
0
0
0
0
0
