3.5527136788e-13
3.5527136788e-13
3.5527136788e-13
3.5527136788e-13
3.5527136788e-13
3.5527136788e-13
3.5527136788e-13
3.5527136788e-13
3.5527136788e-13
3.5527136788e-13
3.5527136788e-13
3.5527136788e-13
3.5527136788e-13
3.5527136788e-13
3.5527136788e-13
3.5527136788e-13
3.5527136788e-13
0.0
0.0
0.0
0.0
0.0
0.0
29.443
29.443
29.443
29.443
29.443
29.443
29.443
29.443
95.6039999998
95.6039999998
95.6039999998
95.6039999998
138.095
138.095
138.095
138.095
195.948
195.948
195.948
195.948
195.948
195.948
195.948
195.948
195.948
195.948
212.615
212.615
212.615
212.615
212.615
212.615
214.7484
214.7484
214.7484
214.7484
214.7484
214.7484
214.7484
214.7484
214.7484
214.7484
214.7484
214.7484
214.7484
214.7484
214.7484
214.7484
214.7484
214.7484
214.7484
214.7484
214.7484
214.7484
214.7484
218.082665915
218.082665915
219.922665915
219.922665915
242.432107129
275.623337369
275.623337369
275.623337369
275.623337369
280.544137369
283.144137369
341.104137369
341.104137369
341.104137369
400.739137369
400.739137369
434.491137369
434.491137369
434.491137369
443.72477293
443.72477293
443.72477293
443.72477293
443.72477293
443.72477293
443.72477293
443.72477293
443.72477293
443.72477293
443.72477293
443.72477293
443.72477293
543.724772928
640.390507013
671.974507013
671.974507013
671.974507013
671.974507013
671.974507013
671.974507013
671.974507013
694.059507013
777.898240238
777.898240238
777.898240238
777.898240238
777.898240238
797.276240238
805.082856411
805.082856411
892.248856411
892.248856411
892.248856411
892.248856411
892.248856411
892.248856411
892.248856411
892.248856411
892.248856411
892.248856411
892.248856411
928.697834648
953.456834648
953.456834648
953.456834648
953.456834648
994.270834648
994.270834648
994.270834648
994.270834648
994.270834648
994.270834648
994.270834648
1094.27083465
1194.27083465
1194.27083465
1194.27083465
1194.27083465
1194.27083465
1278.02380702
1328.70080702
1328.70080702
1328.70080702
1328.70080702
1351.3564282
1551.3564282
1551.3564282
1551.3564282
1551.3564282
1651.3564282
1651.3564282
1651.3564282
1821.7884282
1821.7884282
1821.7884282
1861.5294282
1889.3605482
1920.5015482
1920.5015482
1920.5015482
1920.5015482
1920.5015482
1920.5015482
2021.9905482
2021.9905482
2021.9905482
2021.9905482
2072.0735482
2072.0735482
2072.0735482
2072.0735482
2072.0735482
2072.0735482
2129.7085482
2129.7085482
2129.7085482
2139.00483142
2275.18483142
2275.18483142
2275.18483142
2275.18483142
2275.18483142
2309.14983142
2547.48717142
2547.48717142
2547.48717142
2547.48717142
2547.48717142
2593.45026702
2593.45026702
2716.26022702
2716.26022702
2716.26022702
2716.26022702
2716.26022702
2716.26022702
2830.41322702
2830.41322702
2830.41322702
2830.41322702
2830.41322702
2830.41322702
2830.41322702
2830.41322702
2830.41322702
2830.41322702
2925.21522702
2925.21522702
3057.99722702
3057.99722702
3057.99722702
3057.99722702
3057.99722702
3057.99722702
3057.99722702
3057.99722702
3057.99722702
3057.99722702
3057.99722702
3057.99722702
3057.99722702
3057.99722702
3057.99722702
3057.99722702
3057.99722702
3057.99722702
3057.99722702
3057.99722702
3057.99722702
3057.99722702
3057.99722702
3057.99722702
3057.99722702
3057.99722702
3057.99722702
3057.99722702
3057.99722702
3057.99722702
3057.99722702
3057.99722702
3057.99722702
3057.99722702
3181.72173
3181.72173
3181.72173
3181.72173
3181.72173
3181.72173
3181.72173
3181.72173
3181.72173
3181.72173
3181.72173
3181.72173
3181.72173
3181.72173
3181.72173
3181.72173
3181.72173
3181.72173
3181.72173
3181.72173
3181.72173
3181.72173
3181.72173
3181.72173
3181.72173
3181.72173
3181.72173
3181.72173
3181.72173
3181.72173
3181.72173
3181.72173
3181.72173
3181.72173
3181.72173
3181.72173
3181.72173
3181.72173
3181.72173
3181.72173
3181.72173
3181.72173
3181.72173
3181.72173
3181.72173
3181.72173
3181.72173
3181.72173
3181.72173
3181.72173
3181.72173
3181.72173
3181.72173
3181.72173
3181.72173
3181.72173
3181.72173
3181.72173
3181.72173
3181.72173
3181.72173
3181.72173
3181.72173
3181.72173
3181.72173
3181.72173
3181.72173
3181.72173
3181.72173
3181.72173
3181.72173
3181.72173
3181.72173
3181.72173
3181.72173
3181.72173
3181.72173
3181.72173
3181.72173
3181.72173
3181.72173
3181.72173
3181.72173
3181.72173
3181.72173
3181.72173
3181.72173
3181.72173
3181.72173
3181.72173
3181.72173
3181.72173
3181.72173
3181.72173
3181.72173
3181.72173
3181.72173
3181.72173
3181.72173
3181.72173
