-28.2244213
-27.9015673
-27.4862813
-27.0378303
-27.0604803
-26.8990393
-26.8990393
-26.8017513
-26.1308013
-26.1557613
-26.0602103
-25.5925333
-25.6175913
-25.5018413
-25.7746013
-25.5106713
-25.4524813
-25.2782613
-25.1881833
-25.2419303
-25.4067413
-25.2348033
-25.5338113
-24.7475473
-24.1509613
-24.5497303
-24.3565113
-24.6354663
-24.1556313
-24.4469113
-24.5751613
-24.7971283
-24.5751613
-24.3666473
-23.9240113
-23.9372783
-24.0568923
-23.9669783
-23.6194633
-23.7343403
-23.4013483
-23.2097433
-23.2359083
-23.1424083
-23.3822513
-22.9345903
-22.9345903
-23.1206183
-23.2451883
-23.0744013
-23.0648483
-23.3470783
-22.7570783
-22.6200033
-22.6728903
-22.6481633
-22.3295313
-22.0653483
-21.7054913
-21.8833983
-21.5014233
-21.8995183
-21.5274413
-21.1210033
-20.7270833
-20.9506713
-20.8708013
-21.1192513
-20.9496133
-20.5240783
-20.8537337
-20.3961803
-20.7105913
-20.3326813
-20.6413473
-20.5380813
-20.5380813
-20.7584573
-20.2195783
-20.2393903
-20.2608213
-20.2608213
-20.3302423
-20.6009313
-20.3148693
-20.8967503
-20.5430463
-20.6291317
-19.8723617
-19.6681133
-19.6500213
-19.9843703
-19.7463123
-19.4641823
-18.9337383
-19.5560083
-19.0422213
-19.3816643
-19.2289863
-19.1205843
