355.5806159
387.5431619
428.6564759
473.0531249
470.8107749
486.7934339
486.7934339
496.4249459
562.8489959
560.3779559
569.8375049
616.1375279
613.6567859
625.1160359
598.1127959
624.2418659
630.0026759
647.2504559
656.1681779
650.8472249
634.5309359
651.5527979
621.9510059
699.7911419
758.8531559
719.3750249
738.5037059
710.8871609
758.3908259
729.5541059
716.8573559
694.8826229
716.8573559
737.5002419
781.3212059
780.0077729
768.1659869
777.0674729
811.4714579
800.0986349
833.0648429
852.0337379
849.4434029
858.6999029
834.9554459
879.2738849
879.2738849
860.8571129
848.5246829
865.4325959
866.3783429
838.4375729
896.8475729
910.4179979
905.1821849
907.6301579
939.1747259
965.3288429
1000.9546859
983.3418929
1021.1574179
981.7460129
1018.5816359
1058.8189979
1097.8170779
1075.6818659
1083.5889959
1058.9924459
1075.7866079
1117.9145729
1085.2786883
1130.5764749
1099.4497859
1136.8628759
1106.3049419
1116.5282759
1116.5282759
1094.7110519
1148.0600729
1146.0986849
1143.9770159
1143.9770159
1137.1043369
1110.3061259
1138.6262639
1081.0200449
1116.0367409
1107.5142863
1182.4345163
1202.6551079
1204.4462159
1171.3456649
1194.9134069
1222.8442769
1275.3582329
1213.7535029
1264.6184159
1231.0135589
1246.1286809
1256.8604789
