2
[[1, 358.04], [2, 18.36], [3, 0.4], [4, 0.01]]
3
[[1, 714.33], [2, 77.78], [3, 6.5], [4, 0.39], [5, 0.01]]
4
[[1, 1087.43], [2, 195.82], [3, 29.06], [4, 3.81], [5, 0.37], [6, 0.11]]
5
[[1, 1410.12], [2, 375.92], [3, 79.76], [4, 14.7], [5, 2.49], [6, 0.36], [7, 0.05]]
6
[[1, 1629.65], [2, 600.25], [3, 169.02], [4, 41.52], [5, 9.38], [6, 1.87], [7, 0.29], [8, 0.07]]
7
[[1, 1724.39], [2, 825.83], [3, 301.06], [4, 94.03], [5, 26.89], [6, 6.98], [7, 2.0], [8, 0.56], [9, 0.06], [10, 0.03]]
8
[[1, 1704.09], [2, 1024.28], [3, 460.92], [4, 177.32], [5, 60.97], [6, 20.12], [7, 6.25], [8, 1.88], [9, 0.54], [10, 0.14], [11, 0.04], [12, 0.01], [13, 0.01]]
9
[[1, 1576.09], [2, 1159.04], [3, 637.2], [4, 292.04], [5, 120.43], [6, 45.32], [7, 14.98], [8, 5.12], [9, 1.72], [10, 0.52], [11, 0.25], [12, 0.07], [13, 0.07]]
10
[[1, 1387.26], [2, 1228.42], [3, 798.16], [4, 427.45], [5, 201.63], [6, 86.24], [7, 35.49], [8, 13.08], [9, 4.84], [10, 1.87], [11, 0.57], [12, 0.2], [13, 0.12], [14, 0.01], [16, 0.01], [17, 0.01]]
11
[[2, 1210.79], [1, 1162.22], [3, 916.38], [4, 569.58], [5, 307.53], [6, 150.89], [7, 66.8], [8, 31.26], [9, 13.08], [10, 5.41], [11, 1.84], [12, 0.59], [13, 0.41], [14, 0.12], [15, 0.05], [17, 0.01]]
12
[[2, 1124.4], [3, 986.84], [1, 932.82], [4, 702.95], [5, 423.07], [6, 235.96], [7, 117.93], [8, 57.67], [9, 26.85], [10, 12.67], [11, 5.82], [12, 2.25], [13, 1.01], [14, 0.42], [15, 0.2], [16, 0.07], [17, 0.06], [18, 0.02], [20, 0.01]]
13
[[2, 996.72], [3, 989.13], [4, 793.48], [1, 716.58], [5, 543.04], [6, 334.67], [7, 193.88], [8, 102.38], [9, 52.8], [10, 24.78], [11, 11.82], [12, 5.58], [13, 2.4], [14, 1.07], [15, 0.49], [16, 0.22], [17, 0.09], [18, 0.04], [19, 0.03], [20, 0.02]]
14
[[3, 941.09], [4, 840.46], [2, 830.01], [5, 653.19], [1, 531.14], [6, 445.94], [7, 275.93], [8, 163.75], [9, 90.91], [10, 47.1], [11, 24.23], [12, 12.05], [13, 5.76], [14, 2.51], [15, 1.25], [16, 0.53], [17, 0.19], [18, 0.16], [19, 0.05]]
15
[[4, 840.69], [3, 840.55], [5, 721.21], [2, 669.45], [6, 542.53], [1, 383.1], [7, 372.29], [8, 237.95], [9, 144.71], [10, 82.35], [11, 46.36], [12, 24.91], [13, 12.66], [14, 6.67], [15, 3.31], [16, 1.76], [17, 0.73], [18, 0.45], [19, 0.18], [20, 0.12], [21, 0.02], [22, 0.02]]
16
[[4, 798.32], [5, 747.58], [3, 718.88], [6, 618.81], [2, 518.81], [7, 462.65], [8, 321.29], [1, 265.69], [9, 209.71], [10, 133.82], [11, 79.61], [12, 44.78], [13, 25.26], [14, 14.37], [15, 7.92], [16, 4.0], [17, 2.44], [18, 1.02], [19, 0.48], [20, 0.27], [22, 0.1], [21, 0.09], [23, 0.03], [24, 0.03], [26, 0.01]]
17
[[5, 744.03], [4, 717.96], [6, 669.04], [3, 583.89], [7, 543.77], [8, 411.5], [2, 376.61], [9, 289.49], [10, 192.67], [1, 176.72], [11, 121.64], [12, 74.5], [13, 44.46], [14, 26.55], [15, 14.97], [16, 7.62], [17, 4.42], [18, 2.11], [19, 1.34], [20, 0.65], [22, 0.22], [21, 0.19], [23, 0.08], [24, 0.05], [25, 0.03], [27, 0.01]]
18
[[5, 687.98], [6, 673.77], [4, 609.36], [7, 600.03], [8, 485.08], [3, 459.53], [9, 370.23], [2, 271.78], [10, 262.34], [11, 179.87], [1, 118.06], [12, 116.1], [13, 74.87], [14, 46.48], [15, 28.45], [16, 16.28], [17, 9.27], [18, 5.6], [19, 2.98], [20, 1.74], [21, 0.9], [22, 0.49], [23, 0.37], [24, 0.19], [25, 0.07], [26, 0.03], [27, 0.02], [28, 0.02], [29, 0.01]]
19
[[6, 649.46], [7, 616.43], [5, 606.85], [8, 540.78], [4, 498.92], [9, 443.68], [3, 344.15], [10, 337.89], [11, 245.14], [2, 189.9], [12, 172.78], [13, 113.07], [1, 76.51], [14, 75.33], [15, 48.05], [16, 29.5], [17, 18.4], [18, 10.82], [19, 6.22], [20, 4.03], [21, 2.28], [22, 1.34], [23, 0.78], [25, 0.37], [24, 0.3], [26, 0.09], [27, 0.03], [29, 0.02], [28, 0.01], [32, 0.01], [33, 0.01], [35, 0.01]]
20
[[7, 602.46], [6, 593.53], [8, 570.89], [5, 514.74], [9, 492.62], [10, 403.39], [4, 393.53], [11, 317.08], [3, 250.14], [12, 232.04], [13, 167.68], [2, 127.79], [14, 113.29], [15, 77.31], [16, 50.67], [1, 47.15], [17, 32.46], [18, 20.74], [19, 13.01], [20, 8.05], [21, 4.48], [22, 2.69], [23, 1.54], [24, 0.91], [25, 0.43], [26, 0.33], [27, 0.16], [28, 0.15], [29, 0.08], [30, 0.06], [31, 0.04], [34, 0.01]]
21
[[8, 565.3], [7, 564.54], [9, 529.28], [6, 512.02], [10, 458.64], [5, 419.18], [11, 378.85], [12, 297.66], [4, 291.97], [13, 226.74], [3, 175.55], [14, 163.73], [15, 114.82], [2, 85.8], [16, 79.5], [17, 53.68], [18, 34.72], [1, 30.71], [19, 23.03], [20, 14.03], [21, 9.36], [22, 5.82], [23, 3.41], [24, 2.09], [25, 1.37], [26, 0.79], [27, 0.5], [28, 0.31], [29, 0.18], [30, 0.1], [31, 0.05], [32, 0.01], [33, 0.01], [36, 0.01]]
22
[[8, 542.29], [9, 533.25], [7, 503.51], [10, 494.88], [11, 427.42], [6, 422.8], [12, 359.63], [5, 321.61], [13, 288.38], [14, 218.89], [4, 212.21], [15, 161.96], [3, 121.35], [16, 118.57], [17, 80.43], [18, 57.24], [2, 53.96], [19, 37.53], [20, 26.37], [1, 18.75], [21, 16.23], [22, 10.55], [23, 6.76], [24, 4.26], [25, 2.62], [26, 1.61], [27, 1.2], [28, 0.79], [29, 0.39], [30, 0.27], [31, 0.17], [32, 0.16], [33, 0.04], [34, 0.02], [35, 0.01], [37, 0.01], [40, 0.01]]
23
[[9, 512.8], [10, 504.87], [8, 488.22], [11, 462.24], [7, 425.67], [12, 404.66], [13, 339.0], [6, 337.49], [14, 272.38], [5, 242.73], [15, 212.2], [16, 162.01], [4, 150.33], [17, 122.21], [18, 86.36], [3, 82.42], [19, 62.7], [20, 42.25], [2, 35.96], [21, 30.25], [22, 20.31], [23, 13.86], [1, 11.86], [24, 8.82], [25, 5.69], [26, 3.93], [27, 2.51], [28, 1.6], [29, 0.93], [30, 0.56], [31, 0.44], [32, 0.22], [33, 0.17], [35, 0.07], [36, 0.06], [34, 0.04], [37, 0.01], [38, 0.01]]
24
[[10, 478.97], [11, 476.76], [9, 467.19], [12, 438.21], [8, 419.42], [13, 387.56], [7, 347.71], [14, 331.38], [15, 267.36], [6, 259.08], [16, 212.03], [5, 174.19], [17, 165.71], [18, 124.93], [4, 103.55], [19, 91.83], [20, 67.19], [3, 55.06], [21, 46.88], [22, 33.26], [2, 23.63], [23, 22.58], [24, 15.31], [25, 10.91], [1, 7.62], [26, 7.02], [27, 4.79], [28, 2.92], [29, 2.26], [30, 1.12], [31, 0.81], [32, 0.45], [33, 0.37], [34, 0.26], [35, 0.13], [36, 0.12], [37, 0.07], [38, 0.03], [39, 0.02], [41, 0.01]]
25
[[11, 460.54], [12, 451.13], [10, 448.82], [13, 415.96], [9, 409.76], [14, 370.09], [8, 344.67], [15, 323.22], [7, 268.79], [16, 263.73], [17, 215.48], [6, 192.26], [18, 168.33], [19, 130.05], [5, 122.69], [20, 96.15], [21, 72.05], [4, 68.8], [22, 51.26], [23, 36.69], [3, 35.2], [24, 26.56], [25, 18.86], [2, 15.18], [26, 12.78], [27, 8.15], [28, 5.44], [1, 4.96], [29, 3.88], [30, 2.62], [31, 1.6], [32, 1.1], [33, 0.92], [34, 0.43], [35, 0.33], [36, 0.19], [37, 0.16], [38, 0.13], [39, 0.06], [40, 0.02], [41, 0.02], [42, 0.01], [43, 0.01], [48, 0.01]]
26
[[12, 440.41], [13, 429.62], [11, 428.84], [14, 400.74], [10, 394.57], [15, 362.13], [9, 337.8], [16, 313.64], [8, 273.21], [17, 262.06], [18, 217.31], [7, 201.53], [19, 171.23], [6, 138.12], [20, 134.83], [21, 102.27], [5, 83.84], [22, 77.53], [23, 56.62], [4, 47.05], [24, 41.51], [25, 29.94], [3, 21.97], [26, 21.64], [27, 15.05], [28, 10.21], [2, 10.02], [29, 7.43], [30, 4.92], [31, 3.52], [1, 3.25], [32, 2.39], [33, 1.56], [34, 0.96], [35, 0.51], [36, 0.5], [37, 0.24], [39, 0.13], [38, 0.12], [40, 0.07], [42, 0.05], [41, 0.03], [43, 0.03], [44, 0.02], [46, 0.02], [48, 0.01]]
27
[[13, 420.05], [12, 410.02], [14, 407.41], [15, 387.91], [11, 377.02], [16, 349.48], [10, 329.84], [17, 306.93], [9, 273.65], [18, 261.46], [19, 218.68], [8, 209.18], [20, 176.57], [7, 147.39], [21, 140.41], [22, 110.21], [6, 96.64], [23, 83.58], [24, 63.02], [5, 57.35], [25, 47.2], [26, 34.71], [4, 31.52], [27, 24.87], [28, 18.48], [3, 15.65], [29, 12.56], [30, 9.14], [31, 6.65], [2, 5.94], [32, 4.51], [33, 2.99], [34, 2.25], [1, 2.18], [35, 1.37], [36, 1.0], [37, 0.58], [38, 0.4], [39, 0.3], [40, 0.2], [41, 0.13], [42, 0.08], [43, 0.06], [44, 0.03], [46, 0.02], [48, 0.01], [49, 0.01]]
28
[[14, 400.01], [15, 394.91], [13, 393.34], [16, 373.73], [12, 363.79], [17, 340.93], [11, 319.93], [18, 303.6], [10, 270.24], [19, 260.06], [20, 221.96], [9, 211.81], [21, 183.23], [8, 151.13], [22, 146.62], [23, 115.57], [7, 103.47], [24, 90.07], [25, 70.13], [6, 65.29], [26, 52.26], [27, 38.9], [5, 37.92], [28, 29.33], [29, 21.35], [4, 20.73], [30, 15.82], [31, 11.08], [3, 10.11], [32, 8.11], [33, 5.74], [2, 4.32], [34, 3.78], [35, 2.89], [36, 1.89], [1, 1.44], [37, 1.3], [38, 0.88], [39, 0.79], [40, 0.39], [41, 0.25], [42, 0.25], [43, 0.16], [44, 0.11], [45, 0.04], [47, 0.03], [48, 0.02], [46, 0.01], [50, 0.01], [52, 0.01]]
29
[[15, 385.75], [16, 382.07], [14, 375.98], [17, 359.51], [13, 346.42], [18, 332.4], [12, 308.85], [19, 298.34], [20, 264.37], [11, 259.09], [21, 224.5], [10, 206.76], [22, 186.71], [9, 157.3], [23, 155.83], [24, 122.27], [8, 110.75], [25, 99.67], [26, 75.11], [7, 71.5], [27, 60.22], [6, 44.43], [28, 43.78], [29, 33.86], [5, 25.8], [30, 24.52], [31, 18.65], [4, 14.7], [32, 13.85], [33, 10.36], [3, 7.62], [34, 7.3], [35, 5.43], [36, 3.71], [2, 2.74], [37, 2.53], [38, 1.82], [39, 1.11], [1, 0.97], [40, 0.82], [41, 0.76], [42, 0.56], [43, 0.44], [44, 0.23], [45, 0.16], [47, 0.05], [48, 0.05], [49, 0.05], [46, 0.04], [50, 0.04], [52, 0.03]]
30
[[16, 365.64], [17, 363.8], [15, 357.4], [18, 350.31], [14, 331.82], [19, 325.48], [13, 297.54], [20, 295.25], [21, 263.26], [12, 256.23], [22, 226.48], [11, 205.6], [23, 194.69], [24, 157.84], [10, 157.46], [25, 130.56], [9, 114.47], [26, 107.86], [27, 85.12], [8, 75.16], [28, 67.84], [29, 51.7], [7, 49.55], [30, 39.27], [31, 30.5], [6, 30.08], [32, 22.73], [5, 17.32], [33, 17.06], [34, 11.92], [4, 9.61], [35, 9.53], [36, 6.37], [3, 4.85], [37, 4.82], [38, 3.52], [2, 2.38], [39, 2.37], [40, 2.01], [41, 1.28], [42, 0.87], [43, 0.68], [1, 0.5], [44, 0.39], [45, 0.27], [46, 0.2], [47, 0.16], [49, 0.05], [48, 0.03], [50, 0.02], [52, 0.02], [51, 0.01], [53, 0.01], [56, 0.01]]
31
[[17, 352.28], [18, 348.94], [16, 341.73], [19, 338.46], [20, 321.74], [15, 316.89], [21, 293.82], [14, 285.59], [22, 263.85], [13, 244.81], [23, 230.62], [12, 202.53], [24, 197.33], [25, 165.88], [11, 153.33], [26, 140.82], [10, 113.37], [27, 112.95], [28, 90.87], [9, 81.51], [29, 73.12], [30, 59.16], [8, 51.91], [31, 46.49], [32, 34.2], [7, 34.15], [33, 26.36], [6, 21.21], [34, 20.88], [35, 16.49], [5, 12.16], [36, 11.16], [37, 8.41], [4, 6.91], [38, 6.45], [39, 5.11], [40, 3.53], [3, 3.25], [41, 2.64], [42, 1.96], [43, 1.42], [2, 1.4], [44, 1.16], [45, 0.7], [46, 0.55], [47, 0.43], [1, 0.39], [48, 0.33], [49, 0.24], [50, 0.14], [51, 0.11], [52, 0.07], [53, 0.04], [54, 0.03], [56, 0.03], [64, 0.01], [66, 0.01], [70, 0.01]]
32
[[18, 338.49], [19, 338.18], [20, 330.5], [17, 323.7], [21, 316.57], [16, 301.87], [22, 293.91], [15, 270.5], [23, 263.16], [24, 236.69], [14, 234.0], [25, 206.24], [13, 192.74], [26, 174.32], [12, 149.37], [27, 148.98], [28, 122.35], [11, 113.0], [29, 102.0], [30, 81.72], [10, 79.82], [31, 65.79], [9, 55.89], [32, 52.01], [33, 40.98], [8, 35.17], [34, 30.82], [35, 23.48], [7, 23.12], [36, 18.56], [6, 14.52], [37, 13.62], [38, 10.26], [5, 8.68], [39, 7.86], [40, 6.1], [4, 5.01], [41, 4.58], [42, 3.0], [3, 2.59], [43, 2.49], [44, 1.63], [45, 1.23], [2, 1.03], [46, 0.98], [47, 0.56], [48, 0.43], [49, 0.4], [1, 0.25], [50, 0.24], [52, 0.17], [51, 0.14], [53, 0.09], [56, 0.06], [55, 0.04], [58, 0.04], [57, 0.03], [54, 0.02], [59, 0.01]]
33
[[20, 328.09], [19, 321.72], [21, 320.87], [18, 309.63], [22, 307.0], [23, 288.32], [17, 286.87], [24, 261.91], [16, 259.18], [25, 236.23], [15, 221.21], [26, 209.84], [14, 185.64], [27, 183.6], [28, 156.66], [13, 147.13], [29, 131.37], [12, 110.84], [30, 109.81], [31, 91.2], [11, 81.08], [32, 73.66], [33, 60.37], [10, 56.88], [34, 47.66], [35, 37.61], [9, 37.13], [36, 29.55], [8, 25.49], [37, 22.06], [38, 17.37], [7, 16.06], [39, 13.78], [40, 10.55], [6, 10.4], [41, 7.51], [5, 6.47], [42, 5.83], [43, 4.04], [4, 4.03], [44, 3.31], [45, 2.46], [46, 2.08], [3, 1.77], [47, 1.17], [48, 1.04], [2, 0.73], [49, 0.64], [50, 0.58], [51, 0.39], [52, 0.32], [53, 0.2], [54, 0.15], [1, 0.14], [56, 0.11], [55, 0.07], [58, 0.06], [57, 0.05], [59, 0.02], [60, 0.01], [63, 0.01], [65, 0.01], [66, 0.01]]
34
[[21, 312.9], [22, 312.07], [20, 309.55], [23, 303.49], [19, 292.94], [24, 286.54], [18, 270.98], [25, 264.41], [26, 242.7], [17, 241.79], [27, 218.6], [16, 210.24], [28, 189.53], [15, 175.09], [29, 166.35], [30, 141.44], [14, 140.76], [31, 120.04], [13, 108.26], [32, 100.29], [33, 81.71], [12, 78.18], [34, 68.29], [11, 55.86], [35, 53.56], [36, 41.51], [10, 39.55], [37, 34.71], [38, 27.57], [9, 26.64], [39, 20.97], [8, 17.66], [40, 15.96], [41, 12.58], [7, 11.82], [42, 10.21], [6, 7.77], [43, 7.27], [44, 5.75], [5, 4.86], [45, 3.65], [46, 3.2], [4, 2.5], [47, 2.37], [48, 1.54], [3, 1.23], [49, 1.08], [50, 0.87], [51, 0.68], [52, 0.49], [2, 0.48], [53, 0.32], [55, 0.28], [54, 0.25], [1, 0.18], [56, 0.16], [58, 0.08], [57, 0.07], [59, 0.06], [60, 0.03], [62, 0.03], [61, 0.01], [63, 0.01], [65, 0.01], [68, 0.01]]
35
[[23, 305.05], [22, 300.84], [24, 293.58], [21, 292.61], [25, 284.48], [20, 279.98], [26, 261.76], [19, 258.58], [27, 243.89], [18, 231.55], [28, 220.46], [17, 197.46], [29, 195.49], [30, 173.08], [16, 165.78], [31, 149.27], [15, 134.44], [32, 128.67], [33, 106.64], [14, 104.53], [34, 90.18], [13, 76.36], [35, 74.69], [36, 62.26], [12, 57.15], [37, 50.3], [38, 41.2], [11, 39.44], [39, 32.87], [10, 27.32], [40, 26.5], [41, 20.69], [9, 18.35], [42, 16.25], [43, 12.9], [8, 12.89], [44, 9.33], [7, 9.04], [45, 7.85], [6, 5.89], [46, 5.68], [47, 4.27], [5, 3.56], [48, 3.51], [49, 2.57], [4, 2.09], [50, 1.94], [51, 1.4], [53, 0.95], [52, 0.94], [3, 0.79], [54, 0.58], [55, 0.43], [56, 0.41], [57, 0.27], [2, 0.26], [59, 0.15], [58, 0.13], [60, 0.12], [1, 0.09], [61, 0.09], [62, 0.04], [63, 0.04], [64, 0.03], [66, 0.02], [72, 0.02], [68, 0.01], [75, 0.01]]
36
[[24, 287.23], [23, 287.04], [25, 285.91], [22, 279.68], [26, 274.68], [21, 264.08], [27, 259.43], [28, 248.33], [20, 241.1], [29, 223.35], [19, 217.94], [30, 202.53], [18, 187.73], [31, 179.44], [17, 158.47], [32, 157.73], [33, 137.86], [16, 128.42], [34, 117.29], [35, 100.47], [15, 99.66], [36, 85.64], [14, 76.0], [37, 70.67], [38, 59.95], [13, 55.91], [39, 47.47], [40, 39.81], [12, 39.74], [41, 31.17], [11, 28.75], [42, 25.04], [10, 20.56], [43, 19.71], [44, 16.44], [9, 13.62], [45, 12.16], [8, 9.94], [46, 9.55], [47, 8.02], [7, 6.84], [48, 5.9], [49, 4.77], [6, 4.48], [50, 3.66], [51, 2.71], [5, 2.5], [52, 2.13], [53, 1.5], [4, 1.47], [54, 1.19], [55, 0.95], [56, 0.72], [3, 0.65], [57, 0.44], [59, 0.35], [58, 0.34], [2, 0.2], [60, 0.15], [64, 0.12], [61, 0.1], [62, 0.09], [63, 0.05], [1, 0.04], [65, 0.04], [66, 0.04], [68, 0.02], [67, 0.01]]
37
[[26, 281.78], [25, 281.39], [24, 276.22], [27, 275.32], [23, 267.8], [28, 263.69], [22, 250.02], [29, 245.85], [30, 227.94], [21, 226.51], [31, 207.97], [20, 204.44], [32, 186.36], [19, 174.32], [33, 166.4], [34, 146.99], [18, 146.68], [35, 128.27], [17, 118.65], [36, 110.2], [16, 93.28], [37, 93.19], [38, 78.4], [15, 69.81], [39, 66.75], [40, 54.66], [14, 51.36], [41, 45.64], [13, 39.22], [42, 37.61], [43, 29.5], [12, 27.32], [44, 24.3], [11, 20.35], [45, 19.43], [10, 14.92], [46, 14.65], [47, 11.81], [9, 10.21], [48, 9.78], [49, 7.34], [8, 7.24], [50, 5.61], [7, 5.16], [51, 4.12], [52, 3.64], [6, 3.29], [53, 2.49], [5, 1.97], [54, 1.95], [55, 1.72], [4, 1.08], [56, 1.08], [57, 0.8], [58, 0.77], [59, 0.58], [3, 0.39], [61, 0.37], [60, 0.36], [63, 0.22], [62, 0.19], [2, 0.13], [64, 0.12], [65, 0.1], [66, 0.08], [1, 0.05], [67, 0.05], [70, 0.05], [68, 0.01], [71, 0.01], [72, 0.01], [74, 0.01], [76, 0.01]]
38
[[27, 273.72], [26, 270.83], [28, 269.85], [25, 265.53], [29, 260.82], [24, 250.87], [30, 248.86], [23, 237.5], [31, 234.31], [32, 214.82], [22, 211.61], [33, 193.59], [21, 190.23], [34, 175.68], [20, 162.99], [35, 154.88], [36, 137.82], [19, 137.7], [37, 119.01], [18, 108.63], [38, 104.46], [39, 86.93], [17, 85.94], [40, 74.13], [16, 66.65], [41, 62.33], [15, 51.57], [42, 51.21], [43, 43.14], [14, 35.6], [44, 34.49], [45, 28.84], [13, 26.91], [46, 23.72], [12, 18.95], [47, 17.71], [48, 15.21], [11, 14.43], [49, 11.69], [10, 10.98], [50, 9.57], [9, 7.59], [51, 7.41], [52, 5.93], [8, 5.68], [53, 4.65], [7, 3.95], [54, 3.45], [55, 2.72], [6, 2.62], [56, 2.25], [5, 1.64], [57, 1.54], [58, 1.13], [59, 1.12], [60, 0.8], [4, 0.74], [62, 0.59], [61, 0.5], [3, 0.34], [63, 0.33], [64, 0.3], [65, 0.23], [66, 0.17], [67, 0.13], [2, 0.09], [68, 0.08], [69, 0.08], [70, 0.06], [73, 0.05], [1, 0.04], [76, 0.02], [71, 0.01], [74, 0.01], [75, 0.01], [79, 0.01], [81, 0.01], [88, 0.01]]
39
[[28, 264.16], [29, 261.85], [27, 260.05], [30, 256.5], [26, 249.76], [31, 247.32], [25, 235.51], [32, 234.66], [24, 222.98], [33, 217.56], [34, 203.48], [23, 201.54], [35, 181.63], [22, 178.39], [36, 165.84], [21, 151.77], [37, 145.09], [38, 128.46], [20, 126.79], [39, 111.84], [19, 101.28], [40, 96.59], [18, 83.74], [41, 83.0], [42, 69.85], [17, 62.79], [43, 59.55], [44, 50.21], [16, 47.64], [45, 42.43], [15, 34.75], [46, 34.26], [47, 28.49], [14, 26.33], [48, 23.85], [49, 19.34], [13, 19.06], [50, 15.44], [12, 13.44], [51, 12.39], [11, 10.82], [52, 9.77], [10, 8.08], [53, 7.35], [9, 6.13], [54, 5.84], [55, 4.97], [8, 4.03], [56, 3.46], [7, 3.04], [57, 2.86], [58, 2.32], [6, 2.13], [59, 1.85], [60, 1.43], [61, 1.15], [5, 0.98], [62, 0.8], [63, 0.55], [4, 0.47], [64, 0.46], [65, 0.44], [66, 0.33], [67, 0.23], [3, 0.21], [68, 0.17], [2, 0.09], [71, 0.08], [75, 0.07], [70, 0.05], [72, 0.05], [69, 0.04], [73, 0.04], [1, 0.02], [74, 0.02], [77, 0.02], [80, 0.01], [81, 0.01], [82, 0.01], [86, 0.01]]
40
[[29, 253.75], [30, 252.05], [31, 249.92], [28, 247.71], [32, 243.46], [27, 238.66], [33, 231.89], [26, 225.66], [34, 220.01], [25, 206.7], [35, 203.37], [24, 187.95], [36, 186.98], [37, 170.37], [23, 164.87], [38, 157.9], [22, 141.55], [39, 135.93], [40, 122.62], [21, 120.69], [41, 108.62], [20, 96.8], [42, 92.64], [43, 79.77], [19, 76.05], [44, 68.23], [18, 59.31], [45, 58.64], [46, 49.87], [17, 45.03], [47, 39.45], [48, 34.82], [16, 33.32], [49, 27.56], [15, 25.02], [50, 23.43], [51, 19.77], [14, 17.79], [52, 16.31], [13, 14.23], [53, 12.75], [12, 10.48], [54, 10.28], [55, 8.72], [11, 8.32], [10, 6.55], [56, 6.54], [57, 5.22], [9, 4.9], [58, 4.17], [59, 3.3], [8, 3.19], [60, 2.98], [7, 2.47], [61, 1.85], [6, 1.62], [62, 1.5], [63, 1.3], [5, 0.85], [64, 0.83], [65, 0.77], [66, 0.48], [67, 0.47], [4, 0.41], [68, 0.3], [69, 0.24], [71, 0.17], [3, 0.16], [70, 0.13], [72, 0.08], [74, 0.06], [76, 0.05], [80, 0.04], [73, 0.03], [78, 0.02], [81, 0.02], [75, 0.01], [77, 0.01], [79, 0.01], [82, 0.01], [84, 0.01]]
41
[[31, 246.99], [32, 243.26], [33, 242.3], [30, 241.78], [29, 236.16], [34, 232.55], [28, 228.84], [35, 223.31], [27, 210.55], [36, 210.21], [37, 195.67], [26, 194.29], [38, 179.8], [25, 175.24], [39, 162.24], [24, 151.99], [40, 147.5], [41, 130.06], [23, 126.15], [42, 117.21], [22, 108.71], [43, 103.83], [44, 88.0], [21, 87.68], [45, 76.33], [20, 70.42], [46, 65.97], [47, 56.02], [19, 53.87], [48, 48.25], [18, 40.39], [49, 40.22], [50, 33.73], [17, 32.34], [51, 28.35], [16, 23.17], [52, 22.81], [53, 19.4], [15, 17.9], [54, 15.94], [14, 13.92], [55, 12.83], [13, 10.7], [56, 10.29], [12, 8.47], [57, 8.45], [11, 7.18], [58, 6.68], [59, 5.66], [10, 5.17], [60, 4.45], [9, 4.35], [61, 3.4], [8, 2.77], [62, 2.52], [63, 2.06], [64, 1.76], [7, 1.61], [65, 1.23], [66, 1.12], [6, 0.94], [67, 0.82], [68, 0.64], [69, 0.58], [5, 0.53], [70, 0.53], [71, 0.33], [72, 0.31], [4, 0.25], [73, 0.18], [74, 0.16], [3, 0.1], [75, 0.09], [76, 0.09], [77, 0.07], [2, 0.06], [78, 0.06], [80, 0.06], [81, 0.04], [87, 0.03], [79, 0.02], [83, 0.02], [85, 0.02], [1, 0.01], [82, 0.01]]
42
[[33, 238.4], [34, 236.29], [32, 236.21], [31, 230.71], [35, 227.08], [36, 223.0], [30, 222.64], [29, 211.91], [37, 211.15], [38, 200.04], [28, 195.31], [39, 184.84], [27, 179.1], [40, 169.58], [26, 161.93], [41, 153.73], [25, 141.99], [42, 139.04], [43, 125.02], [24, 119.88], [44, 110.1], [23, 101.29], [45, 98.24], [46, 86.11], [22, 81.88], [47, 74.75], [48, 66.34], [21, 65.06], [49, 56.46], [20, 51.07], [50, 47.19], [51, 40.51], [19, 39.46], [52, 33.36], [18, 29.46], [53, 28.91], [54, 23.26], [17, 22.26], [55, 19.56], [16, 17.62], [56, 16.87], [57, 13.5], [15, 13.37], [58, 11.53], [14, 10.36], [13, 9.22], [59, 8.88], [60, 7.87], [12, 7.41], [61, 6.4], [11, 5.64], [62, 5.36], [10, 4.23], [63, 4.18], [9, 3.28], [64, 3.25], [65, 2.63], [66, 2.23], [8, 2.06], [67, 1.63], [7, 1.41], [68, 1.34], [69, 1.16], [6, 0.95], [70, 0.8], [71, 0.6], [72, 0.44], [73, 0.42], [5, 0.38], [74, 0.38], [75, 0.28], [77, 0.22], [76, 0.17], [4, 0.14], [80, 0.14], [78, 0.1], [79, 0.09], [83, 0.08], [3, 0.05], [81, 0.05], [84, 0.04], [82, 0.02], [85, 0.02], [86, 0.02], [92, 0.02], [87, 0.01], [89, 0.01], [90, 0.01]]
43
[[34, 232.53], [35, 232.0], [33, 227.16], [36, 227.08], [37, 223.15], [32, 221.07], [38, 216.6], [31, 213.4], [39, 203.3], [30, 197.53], [40, 191.05], [29, 182.29], [41, 179.01], [42, 166.26], [28, 164.35], [43, 150.25], [27, 145.78], [44, 136.97], [26, 128.24], [45, 122.21], [46, 108.87], [25, 108.54], [47, 97.36], [24, 89.81], [48, 83.86], [49, 73.23], [23, 73.18], [50, 63.08], [22, 57.67], [51, 54.52], [52, 46.18], [21, 45.82], [53, 38.99], [20, 34.64], [54, 34.23], [55, 27.93], [19, 26.22], [56, 22.99], [18, 20.6], [57, 19.43], [17, 16.3], [58, 16.05], [59, 13.19], [16, 13.17], [60, 11.21], [15, 10.17], [14, 8.89], [61, 8.45], [62, 7.2], [13, 6.84], [63, 6.1], [12, 5.62], [64, 4.83], [11, 4.75], [65, 4.07], [66, 3.64], [10, 3.28], [67, 2.75], [9, 2.44], [68, 2.01], [69, 1.65], [8, 1.6], [70, 1.28], [7, 1.13], [71, 1.11], [72, 0.77], [73, 0.66], [6, 0.64], [74, 0.46], [75, 0.37], [76, 0.37], [5, 0.27], [77, 0.24], [4, 0.15], [79, 0.15], [81, 0.14], [78, 0.13], [83, 0.09], [80, 0.08], [82, 0.07], [86, 0.06], [84, 0.05], [89, 0.05], [3, 0.03], [85, 0.03], [87, 0.02], [90, 0.02], [88, 0.01], [93, 0.01], [95, 0.01], [97, 0.01]]
44
[[37, 224.92], [36, 223.8], [35, 223.05], [38, 220.23], [34, 219.99], [39, 217.0], [33, 208.98], [40, 208.91], [32, 199.26], [41, 196.35], [42, 185.6], [31, 184.54], [43, 170.77], [30, 168.09], [44, 157.88], [29, 149.95], [45, 144.68], [28, 133.31], [46, 128.99], [47, 117.48], [27, 116.77], [48, 106.65], [26, 95.07], [49, 93.49], [50, 83.06], [25, 82.32], [51, 74.14], [24, 67.61], [52, 63.64], [53, 54.01], [23, 53.02], [54, 46.89], [22, 41.99], [55, 38.67], [56, 33.3], [21, 32.12], [57, 29.1], [20, 24.92], [58, 24.32], [59, 19.5], [19, 19.08], [60, 17.22], [18, 14.72], [61, 13.86], [17, 12.43], [62, 11.2], [16, 10.06], [63, 9.16], [15, 8.19], [64, 7.99], [14, 6.63], [65, 6.45], [13, 5.97], [66, 5.13], [12, 4.79], [67, 4.45], [11, 3.86], [68, 3.36], [69, 2.8], [10, 2.54], [70, 2.34], [9, 2.03], [71, 1.78], [72, 1.35], [73, 1.22], [8, 1.16], [74, 0.94], [75, 0.84], [7, 0.7], [76, 0.56], [78, 0.45], [77, 0.41], [6, 0.34], [79, 0.26], [80, 0.22], [5, 0.19], [81, 0.19], [83, 0.14], [82, 0.13], [85, 0.11], [84, 0.08], [4, 0.06], [86, 0.05], [88, 0.04], [2, 0.03], [87, 0.03], [89, 0.02], [90, 0.02], [95, 0.02], [1, 0.01], [92, 0.01], [94, 0.01]]
45
[[38, 218.95], [39, 216.6], [37, 216.09], [36, 211.57], [40, 211.49], [35, 206.37], [41, 205.32], [42, 199.44], [34, 198.49], [43, 185.15], [33, 184.42], [44, 175.74], [32, 171.66], [45, 166.42], [31, 157.07], [46, 152.95], [30, 141.41], [47, 140.27], [48, 126.91], [29, 122.24], [49, 115.91], [28, 105.78], [50, 104.1], [51, 92.99], [27, 89.91], [52, 81.09], [26, 73.52], [53, 71.7], [54, 63.18], [25, 59.13], [55, 54.31], [24, 47.91], [56, 46.97], [57, 39.95], [23, 37.54], [58, 34.3], [22, 29.49], [59, 29.43], [60, 25.67], [21, 23.56], [61, 20.71], [62, 18.02], [20, 17.58], [63, 14.95], [19, 14.91], [64, 12.43], [18, 11.86], [17, 9.91], [65, 9.87], [66, 8.18], [16, 7.8], [67, 7.27], [15, 6.63], [68, 5.58], [14, 5.48], [13, 5.02], [69, 4.61], [12, 4.15], [70, 4.08], [71, 3.13], [11, 3.11], [72, 2.93], [10, 2.15], [73, 2.13], [74, 1.76], [9, 1.62], [75, 1.32], [76, 1.11], [77, 0.87], [8, 0.85], [78, 0.76], [79, 0.58], [7, 0.54], [81, 0.48], [80, 0.47], [83, 0.29], [84, 0.29], [6, 0.28], [82, 0.27], [87, 0.17], [86, 0.13], [5, 0.12], [85, 0.11], [4, 0.07], [89, 0.07], [90, 0.07], [88, 0.06], [91, 0.03], [92, 0.03], [94, 0.03], [95, 0.03], [3, 0.02], [96, 0.02], [97, 0.02], [93, 0.01], [98, 0.01], [99, 0.01], [100, 0.01]]
46
[[41, 209.29], [39, 209.17], [40, 209.03], [38, 205.22], [37, 203.85], [42, 203.34], [43, 197.58], [36, 194.63], [44, 190.28], [35, 184.7], [45, 181.92], [34, 174.61], [46, 168.23], [33, 161.55], [47, 157.14], [48, 145.82], [32, 145.39], [49, 133.72], [31, 126.73], [50, 122.3], [30, 111.7], [51, 111.61], [52, 101.37], [29, 96.46], [53, 90.61], [54, 82.16], [28, 82.0], [55, 71.0], [27, 68.35], [56, 62.16], [57, 56.0], [26, 54.58], [58, 48.42], [25, 44.09], [59, 41.77], [60, 35.49], [24, 34.93], [61, 30.95], [23, 27.01], [62, 26.85], [63, 22.29], [22, 21.25], [64, 19.09], [21, 16.62], [65, 15.74], [66, 13.5], [20, 13.4], [67, 11.99], [19, 10.89], [68, 9.26], [18, 9.11], [69, 8.36], [17, 8.21], [16, 6.81], [70, 6.66], [15, 5.78], [71, 5.6], [14, 4.9], [72, 4.38], [13, 4.23], [73, 3.52], [12, 3.14], [74, 3.02], [75, 2.74], [11, 2.28], [76, 2.05], [77, 2.01], [10, 1.42], [78, 1.34], [80, 1.14], [79, 1.09], [9, 1.04], [81, 0.84], [8, 0.79], [82, 0.65], [83, 0.5], [84, 0.46], [85, 0.31], [7, 0.28], [6, 0.21], [86, 0.16], [88, 0.15], [87, 0.14], [89, 0.12], [5, 0.08], [90, 0.08], [91, 0.07], [4, 0.05], [92, 0.04], [94, 0.04], [93, 0.03], [100, 0.03], [95, 0.02], [3, 0.01], [97, 0.01], [98, 0.01], [101, 0.01], [102, 0.01], [104, 0.01], [106, 0.01], [113, 0.01]]
47
[[41, 209.06], [42, 205.03], [40, 203.1], [43, 201.11], [39, 199.67], [44, 198.22], [38, 193.91], [45, 193.09], [46, 185.61], [37, 182.59], [47, 175.27], [36, 172.16], [48, 165.72], [35, 159.6], [49, 153.66], [34, 145.93], [50, 143.38], [51, 133.62], [33, 129.51], [52, 119.07], [32, 116.07], [53, 110.08], [31, 100.25], [54, 99.43], [55, 90.24], [30, 86.43], [56, 80.41], [29, 71.88], [57, 70.17], [58, 62.7], [28, 61.3], [59, 54.13], [60, 48.64], [27, 47.02], [61, 41.68], [26, 39.62], [62, 37.29], [63, 32.18], [25, 30.88], [64, 26.58], [24, 24.36], [65, 23.62], [66, 20.77], [23, 18.94], [67, 16.53], [22, 14.38], [68, 14.31], [69, 12.51], [21, 11.89], [20, 9.84], [70, 9.84], [19, 8.62], [71, 8.2], [18, 7.7], [72, 6.87], [17, 6.81], [73, 6.01], [16, 5.57], [74, 4.79], [15, 4.78], [14, 4.43], [75, 4.38], [13, 3.49], [76, 3.04], [77, 2.56], [12, 2.39], [78, 2.27], [11, 1.87], [79, 1.76], [10, 1.61], [80, 1.55], [81, 1.16], [9, 0.96], [82, 0.87], [83, 0.78], [85, 0.62], [84, 0.55], [8, 0.48], [86, 0.45], [7, 0.34], [88, 0.32], [87, 0.27], [89, 0.18], [6, 0.15], [91, 0.14], [92, 0.1], [95, 0.1], [90, 0.09], [93, 0.09], [101, 0.05], [5, 0.03], [94, 0.03], [96, 0.03], [97, 0.03], [98, 0.03], [102, 0.03], [4, 0.02], [99, 0.02], [100, 0.02], [105, 0.02], [103, 0.01], [107, 0.01], [109, 0.01], [110, 0.01], [111, 0.01], [113, 0.01]]
48
[[43, 201.19], [44, 200.45], [45, 199.02], [42, 197.88], [41, 193.68], [46, 193.05], [40, 191.4], [47, 187.33], [39, 183.18], [48, 180.69], [38, 171.93], [49, 169.65], [37, 161.03], [50, 160.85], [51, 150.96], [36, 147.12], [52, 141.27], [35, 132.61], [53, 128.96], [54, 120.34], [34, 118.91], [55, 106.72], [33, 104.98], [56, 98.69], [57, 90.94], [32, 89.01], [58, 79.3], [31, 75.19], [59, 70.69], [30, 64.52], [60, 64.26], [61, 56.96], [29, 52.23], [62, 47.66], [63, 43.58], [28, 42.3], [64, 36.88], [27, 32.87], [65, 31.64], [26, 28.11], [66, 27.82], [67, 23.46], [25, 21.19], [68, 19.64], [69, 18.01], [24, 17.18], [70, 14.34], [71, 13.65], [23, 13.35], [22, 11.03], [72, 10.41], [21, 9.5], [73, 8.99], [20, 8.08], [74, 7.91], [19, 7.4], [18, 6.75], [75, 6.71], [17, 5.79], [76, 5.03], [16, 4.8], [77, 4.21], [15, 4.16], [78, 3.62], [14, 3.45], [79, 3.06], [13, 2.8], [80, 2.73], [12, 2.25], [81, 2.05], [82, 1.59], [11, 1.36], [83, 1.36], [84, 1.12], [85, 1.03], [10, 0.86], [86, 0.85], [87, 0.69], [9, 0.55], [88, 0.52], [90, 0.4], [89, 0.37], [8, 0.35], [92, 0.27], [91, 0.24], [93, 0.19], [7, 0.16], [95, 0.14], [94, 0.09], [6, 0.07], [97, 0.07], [98, 0.05], [96, 0.04], [99, 0.04], [101, 0.03], [5, 0.02], [100, 0.02], [102, 0.02], [104, 0.02], [107, 0.02], [108, 0.02], [3, 0.01], [4, 0.01], [103, 0.01], [105, 0.01]]
49
[[45, 195.77], [46, 194.32], [44, 193.01], [47, 191.02], [43, 190.98], [48, 188.57], [42, 186.29], [49, 181.85], [41, 176.99], [50, 173.91], [40, 171.54], [51, 164.72], [52, 158.75], [39, 157.01], [53, 149.94], [38, 149.25], [54, 137.12], [37, 131.21], [55, 128.1], [36, 121.23], [56, 119.31], [57, 108.15], [35, 105.14], [58, 97.64], [34, 93.16], [59, 87.95], [33, 82.37], [60, 81.19], [61, 71.11], [32, 69.92], [62, 63.64], [63, 57.05], [31, 55.82], [64, 49.63], [30, 46.07], [65, 43.72], [66, 38.71], [29, 38.32], [67, 32.88], [28, 30.71], [68, 29.13], [69, 24.77], [27, 23.89], [70, 21.7], [26, 19.59], [71, 18.76], [72, 16.12], [25, 14.81], [73, 13.41], [24, 12.6], [74, 11.54], [23, 10.71], [75, 10.04], [22, 9.2], [76, 8.52], [21, 7.86], [20, 6.96], [77, 6.93], [19, 6.2], [78, 5.77], [18, 5.53], [17, 5.41], [79, 4.82], [16, 4.02], [80, 3.97], [81, 3.32], [15, 3.28], [82, 3.25], [14, 3.17], [83, 2.56], [13, 2.23], [84, 2.05], [12, 1.72], [85, 1.57], [86, 1.56], [11, 1.15], [87, 1.04], [88, 0.98], [89, 0.89], [90, 0.56], [91, 0.54], [9, 0.53], [10, 0.53], [92, 0.45], [8, 0.36], [93, 0.31], [94, 0.27], [95, 0.21], [96, 0.16], [7, 0.11], [97, 0.11], [99, 0.11], [6, 0.08], [101, 0.08], [102, 0.08], [100, 0.07], [98, 0.06], [105, 0.06], [104, 0.05], [103, 0.04], [5, 0.02], [106, 0.02], [107, 0.02], [109, 0.02], [110, 0.02], [4, 0.01], [111, 0.01], [112, 0.01]]
50
[[45, 190.56], [46, 190.07], [47, 189.42], [49, 189.23], [48, 188.22], [50, 182.52], [44, 181.89], [51, 177.59], [43, 176.14], [52, 171.48], [42, 164.67], [53, 162.06], [41, 157.87], [54, 153.65], [40, 149.25], [55, 146.9], [56, 135.25], [39, 133.5], [57, 126.63], [38, 120.64], [58, 117.24], [37, 109.0], [59, 105.75], [60, 97.09], [36, 95.46], [61, 88.96], [35, 84.26], [62, 80.49], [63, 72.11], [34, 70.45], [64, 62.39], [33, 59.31], [65, 57.73], [66, 51.07], [32, 50.36], [67, 45.44], [31, 39.99], [68, 39.8], [69, 34.47], [30, 33.33], [70, 31.35], [71, 26.49], [29, 25.91], [72, 22.47], [28, 21.03], [73, 20.2], [27, 17.4], [74, 16.07], [75, 14.85], [26, 13.94], [76, 12.91], [25, 11.58], [77, 10.42], [24, 9.89], [23, 8.63], [78, 8.49], [79, 7.73], [22, 7.3], [80, 6.56], [21, 6.25], [20, 6.11], [19, 5.56], [81, 5.51], [18, 4.93], [82, 4.7], [17, 4.56], [83, 3.85], [16, 3.79], [84, 3.4], [15, 2.92], [85, 2.42], [14, 2.38], [86, 2.2], [87, 1.8], [13, 1.62], [88, 1.52], [12, 1.35], [89, 1.34], [90, 1.07], [91, 0.96], [92, 0.91], [11, 0.75], [93, 0.61], [94, 0.56], [95, 0.46], [96, 0.4], [10, 0.37], [9, 0.3], [97, 0.27], [99, 0.26], [100, 0.21], [98, 0.18], [101, 0.18], [102, 0.11], [7, 0.1], [8, 0.1], [6, 0.06], [104, 0.06], [106, 0.06], [103, 0.05], [109, 0.05], [105, 0.03], [107, 0.03], [114, 0.03], [4, 0.02], [108, 0.02], [112, 0.02], [116, 0.02], [5, 0.01], [110, 0.01], [111, 0.01], [115, 0.01], [118, 0.01], [119, 0.01], [120, 0.01], [127, 0.01]]
51
[[50, 187.26], [51, 184.85], [49, 184.51], [48, 183.69], [47, 182.2], [52, 182.01], [46, 177.98], [53, 174.65], [45, 172.06], [54, 165.34], [44, 165.33], [55, 162.18], [43, 154.81], [56, 152.33], [42, 144.24], [57, 144.18], [58, 134.36], [41, 133.52], [59, 126.57], [40, 121.19], [60, 116.42], [61, 109.72], [39, 108.84], [62, 97.97], [38, 96.03], [63, 87.78], [37, 86.96], [64, 81.95], [36, 73.72], [65, 73.34], [66, 65.58], [35, 62.8], [67, 57.89], [34, 53.24], [68, 51.52], [69, 46.17], [33, 42.68], [70, 41.04], [71, 36.33], [32, 34.25], [72, 30.77], [73, 28.14], [31, 27.74], [30, 23.85], [74, 23.6], [75, 21.26], [76, 17.8], [29, 17.59], [77, 14.84], [28, 14.45], [78, 12.87], [27, 12.53], [79, 11.12], [26, 10.98], [80, 10.07], [25, 8.94], [24, 8.35], [81, 7.86], [82, 7.11], [23, 7.03], [22, 6.02], [83, 5.65], [20, 5.52], [21, 5.21], [84, 4.8], [18, 4.52], [19, 4.51], [85, 4.06], [17, 3.71], [86, 3.38], [87, 3.27], [16, 2.95], [88, 2.44], [15, 2.42], [89, 2.04], [14, 1.81], [90, 1.7], [13, 1.32], [91, 1.28], [92, 1.28], [12, 1.04], [93, 0.96], [94, 0.85], [95, 0.67], [97, 0.56], [11, 0.53], [96, 0.48], [98, 0.36], [99, 0.36], [10, 0.27], [100, 0.27], [9, 0.26], [101, 0.17], [103, 0.17], [8, 0.15], [102, 0.13], [104, 0.09], [105, 0.08], [107, 0.05], [106, 0.04], [6, 0.03], [7, 0.03], [108, 0.03], [111, 0.03], [110, 0.02], [5, 0.01], [109, 0.01], [113, 0.01], [115, 0.01], [116, 0.01], [118, 0.01], [119, 0.01], [122, 0.01], [124, 0.01]]
52
[[52, 180.51], [50, 180.25], [51, 179.62], [53, 178.98], [49, 178.9], [48, 175.65], [54, 174.2], [47, 170.53], [55, 166.64], [46, 162.38], [56, 161.41], [57, 158.64], [45, 152.59], [58, 150.47], [44, 144.26], [59, 141.96], [43, 133.08], [60, 131.99], [61, 123.68], [42, 121.78], [62, 117.17], [41, 111.6], [63, 106.83], [40, 98.39], [64, 98.15], [65, 90.71], [39, 86.82], [66, 81.06], [38, 74.86], [67, 73.22], [68, 67.2], [37, 63.8], [69, 60.01], [36, 55.13], [70, 52.86], [71, 48.08], [35, 45.82], [72, 41.6], [73, 38.16], [34, 36.75], [74, 33.12], [33, 31.57], [75, 28.57], [76, 25.28], [32, 25.17], [77, 22.45], [31, 19.87], [78, 19.84], [79, 16.77], [30, 16.11], [80, 14.41], [29, 13.4], [81, 12.88], [82, 11.06], [28, 11.05], [83, 9.42], [27, 9.19], [26, 8.12], [84, 8.11], [25, 7.45], [24, 6.62], [85, 6.6], [22, 6.06], [23, 6.04], [86, 5.49], [21, 5.34], [87, 4.99], [20, 4.74], [19, 4.25], [88, 4.2], [18, 3.66], [89, 3.53], [17, 3.12], [90, 3.02], [91, 2.52], [16, 2.45], [92, 1.99], [15, 1.75], [93, 1.72], [14, 1.35], [94, 1.29], [95, 1.19], [13, 0.96], [96, 0.88], [97, 0.8], [12, 0.78], [98, 0.73], [99, 0.69], [11, 0.53], [101, 0.48], [100, 0.41], [10, 0.32], [102, 0.32], [103, 0.23], [105, 0.22], [104, 0.15], [108, 0.14], [107, 0.13], [9, 0.11], [8, 0.1], [106, 0.1], [112, 0.07], [109, 0.06], [7, 0.05], [110, 0.05], [115, 0.04], [114, 0.03], [116, 0.03], [117, 0.02], [119, 0.02], [6, 0.01], [113, 0.01], [120, 0.01], [121, 0.01], [125, 0.01]]
53
[[53, 177.69], [54, 177.43], [52, 175.67], [55, 174.58], [51, 172.7], [56, 171.12], [50, 169.6], [57, 167.07], [49, 165.11], [58, 162.1], [48, 158.85], [59, 155.13], [47, 151.02], [60, 147.85], [61, 142.03], [46, 140.93], [45, 132.55], [62, 131.73], [63, 124.98], [44, 119.6], [64, 116.21], [43, 109.81], [65, 107.22], [66, 98.75], [42, 98.67], [67, 92.52], [41, 86.13], [68, 84.44], [40, 76.13], [69, 76.04], [70, 68.27], [39, 65.24], [71, 60.78], [38, 56.67], [72, 55.51], [73, 50.14], [37, 46.53], [74, 45.11], [36, 39.78], [75, 39.04], [76, 34.23], [35, 32.4], [77, 30.14], [78, 26.32], [34, 26.19], [79, 22.71], [33, 21.64], [80, 20.35], [81, 17.63], [32, 17.45], [82, 15.3], [31, 13.64], [83, 13.11], [30, 11.96], [84, 11.7], [29, 10.0], [85, 9.71], [28, 8.95], [86, 8.45], [27, 7.59], [26, 7.15], [87, 6.83], [25, 6.12], [88, 5.84], [89, 5.61], [22, 5.42], [24, 5.39], [23, 5.14], [21, 4.58], [20, 4.4], [90, 4.17], [91, 3.74], [19, 3.55], [92, 3.33], [18, 2.88], [17, 2.81], [93, 2.61], [94, 2.25], [16, 2.17], [95, 1.84], [96, 1.68], [15, 1.49], [97, 1.39], [98, 1.17], [14, 1.03], [13, 0.87], [99, 0.82], [100, 0.72], [101, 0.64], [102, 0.57], [12, 0.48], [11, 0.34], [103, 0.32], [104, 0.29], [105, 0.29], [107, 0.24], [106, 0.23], [109, 0.21], [10, 0.19], [108, 0.15], [110, 0.14], [111, 0.13], [112, 0.12], [113, 0.09], [9, 0.08], [114, 0.08], [8, 0.05], [117, 0.03], [6, 0.02], [116, 0.02], [7, 0.01], [115, 0.01], [118, 0.01], [121, 0.01], [122, 0.01], [123, 0.01], [124, 0.01], [125, 0.01], [126, 0.01]]
54
[[54, 173.0], [56, 171.44], [55, 171.05], [53, 170.11], [58, 168.26], [57, 167.93], [52, 164.94], [59, 162.0], [51, 160.81], [60, 160.24], [50, 153.75], [61, 151.09], [49, 147.18], [62, 145.14], [63, 138.44], [48, 137.55], [47, 130.35], [64, 130.2], [65, 123.35], [46, 120.15], [66, 114.85], [45, 110.83], [67, 107.11], [68, 99.86], [44, 99.5], [69, 90.58], [43, 88.0], [70, 83.29], [71, 76.39], [42, 75.96], [72, 69.85], [41, 67.34], [73, 64.42], [40, 58.66], [74, 56.96], [75, 51.02], [39, 48.73], [76, 45.15], [77, 41.75], [38, 41.12], [78, 36.18], [37, 35.25], [79, 32.21], [80, 28.81], [36, 28.5], [81, 24.91], [35, 23.61], [82, 22.2], [83, 19.42], [34, 18.76], [84, 16.85], [33, 16.21], [85, 14.55], [32, 13.25], [86, 12.73], [87, 11.47], [31, 10.58], [88, 10.02], [30, 9.41], [89, 8.57], [29, 8.15], [90, 7.87], [28, 7.17], [27, 6.5], [26, 6.36], [91, 6.28], [92, 5.65], [25, 5.6], [23, 5.2], [24, 4.96], [22, 4.53], [94, 4.35], [93, 4.3], [21, 4.22], [95, 3.44], [20, 3.34], [19, 2.78], [96, 2.74], [18, 2.56], [97, 2.33], [17, 2.16], [98, 1.99], [99, 1.72], [16, 1.55], [100, 1.36], [15, 1.31], [102, 1.22], [101, 1.07], [14, 0.8], [103, 0.8], [104, 0.73], [13, 0.63], [106, 0.54], [105, 0.43], [107, 0.41], [12, 0.37], [108, 0.35], [109, 0.32], [110, 0.29], [111, 0.25], [11, 0.23], [113, 0.18], [112, 0.17], [10, 0.16], [114, 0.11], [115, 0.11], [117, 0.11], [116, 0.07], [120, 0.07], [9, 0.06], [118, 0.05], [122, 0.04], [119, 0.03], [121, 0.03], [125, 0.03], [123, 0.02], [128, 0.02], [6, 0.01], [8, 0.01], [126, 0.01], [136, 0.01]]
55
[[57, 170.25], [58, 169.22], [56, 167.71], [55, 165.74], [60, 164.85], [59, 164.44], [54, 159.69], [53, 159.07], [61, 158.74], [62, 155.07], [52, 152.66], [63, 150.16], [51, 144.44], [64, 144.25], [65, 137.5], [50, 135.87], [66, 130.89], [49, 127.2], [67, 123.4], [48, 117.13], [68, 113.76], [69, 108.02], [47, 107.98], [46, 99.03], [70, 98.89], [71, 93.89], [45, 87.22], [72, 84.28], [73, 79.31], [44, 76.7], [74, 70.58], [43, 68.01], [75, 63.72], [76, 59.9], [42, 58.65], [77, 53.16], [41, 49.74], [78, 49.22], [79, 43.03], [40, 41.97], [80, 38.83], [81, 35.19], [39, 34.83], [82, 30.86], [38, 29.7], [83, 27.16], [37, 23.69], [84, 23.12], [85, 20.34], [36, 19.96], [86, 18.92], [35, 16.9], [87, 15.66], [88, 14.5], [34, 13.42], [89, 12.55], [33, 10.83], [90, 10.23], [32, 9.48], [91, 9.04], [31, 8.48], [92, 7.7], [30, 7.36], [93, 6.92], [28, 6.43], [29, 6.35], [27, 5.85], [94, 5.64], [26, 5.63], [95, 5.16], [25, 5.12], [24, 4.99], [23, 4.55], [96, 4.07], [22, 4.06], [97, 3.91], [21, 3.56], [98, 3.15], [20, 3.11], [99, 2.57], [19, 2.42], [18, 2.24], [100, 2.17], [101, 1.93], [17, 1.82], [102, 1.7], [103, 1.33], [16, 1.23], [104, 1.15], [15, 1.02], [105, 0.96], [106, 0.8], [107, 0.77], [108, 0.61], [14, 0.6], [111, 0.46], [110, 0.43], [13, 0.42], [109, 0.4], [112, 0.37], [113, 0.29], [12, 0.28], [114, 0.27], [11, 0.17], [115, 0.16], [116, 0.13], [10, 0.11], [118, 0.08], [119, 0.08], [121, 0.08], [9, 0.05], [117, 0.05], [8, 0.04], [122, 0.04], [120, 0.03], [126, 0.03], [125, 0.02], [128, 0.02], [135, 0.02], [139, 0.02], [127, 0.01], [129, 0.01], [130, 0.01], [131, 0.01]]
56
[[59, 165.84], [58, 164.28], [60, 164.04], [61, 163.4], [62, 161.64], [57, 161.61], [63, 156.0], [56, 155.92], [64, 153.95], [55, 151.8], [54, 148.53], [65, 147.17], [66, 143.17], [53, 138.94], [67, 135.86], [52, 133.14], [68, 127.36], [51, 124.65], [69, 123.46], [70, 115.72], [50, 114.02], [49, 109.27], [71, 107.69], [72, 100.61], [48, 96.07], [73, 93.79], [74, 86.37], [47, 86.04], [75, 80.07], [46, 77.58], [76, 72.99], [45, 67.85], [77, 67.52], [78, 62.44], [44, 60.09], [79, 55.58], [43, 50.5], [80, 49.55], [81, 45.89], [42, 44.77], [82, 40.16], [83, 36.95], [41, 36.56], [84, 33.08], [40, 29.53], [85, 28.59], [39, 26.06], [86, 24.9], [87, 22.19], [38, 20.54], [88, 20.26], [89, 18.18], [37, 16.95], [90, 15.6], [36, 14.67], [91, 13.68], [35, 12.3], [92, 11.76], [93, 10.22], [34, 9.82], [33, 8.99], [94, 8.49], [95, 7.57], [32, 7.32], [30, 6.38], [31, 6.37], [97, 6.14], [96, 6.13], [29, 5.6], [26, 5.41], [28, 5.31], [27, 5.2], [98, 5.09], [24, 4.61], [25, 4.6], [99, 4.19], [23, 3.87], [100, 3.83], [22, 3.55], [21, 3.11], [101, 3.09], [20, 2.76], [102, 2.74], [103, 2.39], [19, 2.3], [104, 1.7], [18, 1.68], [105, 1.52], [106, 1.46], [17, 1.33], [107, 1.21], [16, 1.03], [108, 1.0], [109, 0.91], [110, 0.77], [15, 0.69], [111, 0.65], [14, 0.45], [112, 0.45], [113, 0.41], [115, 0.37], [13, 0.29], [114, 0.28], [116, 0.27], [117, 0.22], [12, 0.13], [118, 0.13], [120, 0.13], [121, 0.12], [119, 0.09], [122, 0.08], [11, 0.06], [10, 0.05], [123, 0.05], [127, 0.05], [126, 0.03], [128, 0.03], [125, 0.02], [132, 0.02], [134, 0.02], [135, 0.02], [141, 0.02], [9, 0.01], [124, 0.01], [129, 0.01], [133, 0.01], [147, 0.01]]
57
[[62, 160.23], [61, 160.14], [63, 159.06], [60, 157.95], [59, 157.58], [64, 156.04], [65, 154.42], [66, 151.87], [58, 151.72], [57, 148.75], [67, 146.9], [56, 143.45], [68, 141.98], [55, 136.4], [69, 135.67], [54, 129.88], [70, 129.17], [53, 121.42], [71, 121.18], [52, 115.47], [72, 114.5], [73, 108.3], [51, 105.03], [74, 100.78], [50, 98.02], [75, 95.57], [49, 86.71], [76, 86.05], [77, 81.68], [48, 76.7], [78, 75.5], [79, 69.61], [47, 67.52], [80, 61.76], [46, 61.05], [81, 57.37], [82, 51.74], [45, 51.07], [83, 47.58], [44, 44.63], [84, 42.55], [85, 38.86], [43, 36.67], [86, 34.5], [42, 31.96], [87, 30.17], [88, 28.74], [41, 26.73], [89, 24.73], [90, 22.18], [40, 21.87], [91, 18.76], [39, 17.59], [92, 17.04], [93, 15.16], [38, 14.58], [94, 12.71], [37, 11.84], [95, 11.56], [36, 10.17], [96, 9.9], [35, 9.09], [97, 8.85], [98, 7.8], [34, 7.7], [33, 6.8], [32, 6.38], [99, 6.38], [100, 5.88], [31, 5.51], [28, 5.33], [29, 5.27], [30, 5.2], [101, 5.04], [27, 4.94], [25, 4.46], [26, 4.44], [102, 4.31], [24, 4.02], [103, 4.0], [23, 3.55], [104, 3.41], [22, 2.92], [106, 2.64], [21, 2.55], [105, 2.54], [20, 2.46], [107, 2.18], [19, 1.82], [108, 1.79], [109, 1.62], [18, 1.48], [111, 1.17], [110, 1.09], [17, 1.07], [113, 1.01], [112, 0.81], [16, 0.65], [114, 0.64], [15, 0.48], [115, 0.47], [117, 0.39], [14, 0.35], [116, 0.35], [118, 0.28], [121, 0.24], [119, 0.22], [123, 0.22], [13, 0.19], [120, 0.19], [128, 0.12], [12, 0.11], [125, 0.11], [122, 0.1], [127, 0.09], [11, 0.08], [124, 0.08], [126, 0.07], [131, 0.05], [129, 0.04], [10, 0.03], [132, 0.03], [138, 0.03], [130, 0.02], [133, 0.02], [134, 0.02], [136, 0.02], [140, 0.02], [8, 0.01], [9, 0.01], [137, 0.01], [141, 0.01], [142, 0.01], [147, 0.01]]
58
[[64, 159.31], [63, 156.67], [62, 155.43], [65, 155.23], [66, 154.85], [61, 152.09], [67, 151.66], [60, 149.03], [68, 148.3], [59, 145.33], [69, 145.18], [70, 140.27], [58, 139.68], [71, 132.66], [57, 130.99], [72, 130.04], [56, 126.52], [73, 123.15], [55, 117.97], [74, 117.11], [75, 109.65], [54, 108.83], [76, 105.33], [53, 101.92], [77, 97.55], [52, 95.13], [78, 89.05], [51, 85.03], [79, 83.29], [50, 75.53], [80, 75.48], [81, 70.99], [49, 67.48], [82, 65.92], [83, 59.72], [48, 58.26], [84, 54.65], [47, 53.07], [85, 48.58], [86, 45.02], [46, 43.78], [87, 40.7], [45, 37.22], [88, 35.66], [89, 33.25], [44, 32.18], [90, 29.79], [43, 27.17], [91, 25.39], [92, 23.26], [42, 22.64], [93, 20.97], [94, 18.84], [41, 18.69], [95, 16.37], [40, 15.36], [96, 14.09], [39, 13.08], [97, 12.45], [98, 11.3], [38, 10.55], [99, 9.77], [37, 9.3], [100, 8.83], [36, 8.23], [35, 7.41], [101, 7.39], [102, 6.78], [33, 6.04], [34, 5.97], [103, 5.55], [32, 5.37], [31, 5.33], [29, 5.19], [104, 4.86], [30, 4.84], [28, 4.5], [27, 4.23], [26, 4.11], [25, 3.93], [105, 3.93], [106, 3.86], [24, 3.71], [107, 3.1], [23, 3.08], [108, 2.8], [22, 2.66], [109, 2.43], [21, 2.13], [110, 2.11], [111, 2.07], [20, 1.78], [19, 1.48], [112, 1.38], [113, 1.19], [114, 1.05], [18, 1.0], [115, 0.88], [17, 0.75], [116, 0.7], [117, 0.68], [16, 0.64], [119, 0.52], [118, 0.49], [120, 0.41], [15, 0.33], [121, 0.31], [14, 0.26], [122, 0.24], [123, 0.24], [125, 0.16], [13, 0.15], [124, 0.14], [127, 0.13], [12, 0.12], [128, 0.12], [129, 0.11], [126, 0.1], [132, 0.1], [130, 0.09], [133, 0.05], [136, 0.04], [131, 0.03], [134, 0.03], [135, 0.02], [9, 0.01], [10, 0.01], [11, 0.01], [137, 0.01], [139, 0.01], [141, 0.01], [148, 0.01], [158, 0.01]]
59
[[67, 154.58], [66, 154.35], [65, 152.72], [64, 151.36], [68, 151.14], [69, 149.53], [63, 148.77], [70, 145.09], [62, 144.3], [71, 142.98], [61, 139.35], [72, 138.17], [73, 135.94], [60, 135.19], [74, 130.18], [59, 128.53], [75, 123.66], [58, 122.78], [76, 118.35], [57, 113.93], [77, 111.8], [56, 105.72], [78, 102.55], [55, 99.61], [79, 98.98], [80, 93.96], [54, 90.54], [81, 85.57], [53, 82.09], [82, 80.06], [52, 76.05], [83, 73.72], [84, 68.16], [51, 65.52], [85, 62.08], [50, 57.92], [86, 57.26], [87, 52.14], [49, 51.47], [88, 47.86], [48, 44.91], [89, 43.05], [47, 37.81], [90, 37.68], [91, 36.3], [46, 32.31], [92, 31.88], [93, 28.1], [45, 26.86], [94, 25.52], [44, 22.63], [95, 22.04], [96, 20.15], [43, 19.3], [97, 17.73], [42, 16.17], [98, 15.76], [99, 13.73], [41, 13.37], [100, 12.34], [40, 11.34], [101, 10.57], [39, 9.58], [102, 9.48], [103, 8.23], [38, 7.82], [37, 7.58], [104, 7.2], [36, 6.13], [34, 6.07], [105, 5.86], [35, 5.78], [106, 5.66], [33, 5.32], [32, 4.95], [30, 4.78], [107, 4.66], [31, 4.59], [29, 4.56], [108, 4.33], [28, 4.31], [27, 3.73], [109, 3.55], [25, 3.51], [26, 3.41], [110, 2.91], [24, 2.86], [23, 2.69], [111, 2.55], [112, 2.53], [22, 2.26], [113, 2.04], [21, 1.87], [20, 1.75], [114, 1.43], [115, 1.32], [116, 1.16], [19, 1.0], [117, 1.0], [118, 0.86], [18, 0.79], [119, 0.67], [120, 0.65], [17, 0.6], [122, 0.51], [121, 0.49], [16, 0.47], [123, 0.43], [15, 0.41], [124, 0.31], [14, 0.25], [126, 0.25], [125, 0.23], [128, 0.18], [127, 0.16], [13, 0.12], [130, 0.1], [129, 0.08], [134, 0.07], [131, 0.06], [12, 0.05], [133, 0.05], [136, 0.05], [11, 0.04], [9, 0.02], [132, 0.02], [135, 0.02], [139, 0.02], [140, 0.02], [10, 0.01], [138, 0.01], [141, 0.01], [144, 0.01], [152, 0.01]]
60
[[69, 152.52], [68, 150.29], [67, 149.3], [66, 148.7], [71, 148.56], [70, 148.26], [65, 146.32], [72, 145.01], [73, 142.94], [64, 140.38], [63, 138.97], [74, 137.82], [62, 132.09], [75, 131.07], [76, 130.75], [61, 125.8], [77, 123.57], [60, 118.6], [78, 117.92], [79, 114.48], [59, 112.53], [80, 106.24], [58, 103.67], [81, 99.97], [57, 95.92], [82, 93.42], [56, 89.17], [83, 87.22], [55, 81.59], [84, 81.38], [85, 75.48], [54, 71.91], [86, 68.96], [53, 65.14], [87, 64.77], [88, 60.3], [52, 57.59], [89, 53.17], [51, 50.68], [90, 48.28], [91, 44.11], [50, 42.8], [92, 41.13], [49, 38.04], [93, 37.26], [94, 33.38], [48, 32.06], [95, 30.93], [96, 27.26], [47, 27.1], [97, 24.42], [46, 22.31], [98, 21.54], [99, 19.87], [45, 18.25], [100, 17.33], [101, 15.32], [44, 15.12], [43, 13.01], [102, 12.85], [103, 12.11], [104, 10.53], [42, 10.38], [105, 9.1], [41, 8.95], [40, 8.22], [106, 8.1], [107, 7.34], [39, 6.8], [38, 6.45], [37, 6.14], [108, 5.9], [36, 5.53], [109, 5.49], [35, 5.41], [32, 5.06], [33, 5.06], [34, 4.97], [30, 4.72], [110, 4.44], [29, 4.24], [111, 4.18], [31, 4.17], [28, 3.85], [27, 3.6], [112, 3.57], [113, 3.19], [26, 3.17], [25, 2.92], [115, 2.71], [24, 2.54], [114, 2.46], [116, 2.2], [23, 2.02], [22, 1.94], [117, 1.9], [118, 1.51], [21, 1.48], [20, 1.17], [119, 1.16], [120, 1.03], [121, 0.9], [19, 0.87], [122, 0.87], [18, 0.69], [123, 0.66], [17, 0.56], [124, 0.56], [127, 0.48], [125, 0.43], [126, 0.39], [128, 0.38], [16, 0.31], [129, 0.27], [134, 0.2], [130, 0.19], [131, 0.19], [15, 0.17], [136, 0.16], [132, 0.14], [133, 0.12], [13, 0.11], [14, 0.11], [135, 0.11], [12, 0.09], [139, 0.08], [137, 0.07], [138, 0.07], [140, 0.07], [142, 0.04], [11, 0.03], [141, 0.02], [143, 0.02], [153, 0.02], [10, 0.01], [144, 0.01], [145, 0.01], [148, 0.01], [151, 0.01], [152, 0.01], [157, 0.01], [160, 0.01]]
61
[[72, 148.11], [70, 146.68], [71, 144.77], [73, 144.53], [69, 144.32], [68, 143.1], [74, 140.36], [67, 140.19], [75, 138.77], [66, 135.99], [76, 134.45], [65, 132.54], [77, 131.97], [64, 127.26], [78, 126.77], [79, 123.73], [63, 120.75], [62, 118.23], [80, 117.77], [81, 110.72], [61, 108.97], [82, 106.84], [60, 102.31], [83, 99.3], [59, 95.4], [84, 93.76], [85, 89.33], [58, 88.3], [86, 83.95], [57, 80.45], [87, 78.47], [56, 72.5], [88, 72.34], [89, 67.71], [55, 64.96], [90, 62.06], [54, 57.52], [91, 57.1], [92, 51.04], [53, 49.21], [93, 48.37], [52, 44.53], [94, 43.03], [95, 39.7], [51, 38.45], [96, 35.31], [97, 33.75], [50, 32.23], [98, 29.52], [99, 27.46], [49, 27.02], [100, 23.96], [48, 22.59], [101, 21.02], [47, 19.94], [102, 19.27], [103, 17.01], [46, 16.91], [104, 15.17], [105, 14.51], [45, 13.46], [106, 12.32], [44, 11.07], [107, 10.56], [108, 9.55], [43, 9.42], [109, 8.58], [42, 7.98], [110, 7.33], [41, 6.73], [111, 6.26], [39, 6.11], [40, 6.1], [112, 5.99], [113, 5.41], [38, 5.39], [37, 5.13], [114, 4.76], [36, 4.67], [34, 4.61], [33, 4.5], [35, 4.44], [32, 4.42], [31, 4.22], [29, 3.99], [30, 3.82], [28, 3.54], [115, 3.5], [116, 3.27], [27, 3.26], [117, 3.25], [26, 3.05], [25, 2.9], [118, 2.55], [119, 2.33], [24, 2.14], [23, 2.06], [120, 1.95], [121, 1.59], [122, 1.52], [22, 1.47], [123, 1.34], [21, 1.05], [20, 0.95], [125, 0.95], [124, 0.85], [126, 0.71], [19, 0.69], [127, 0.68], [128, 0.6], [130, 0.47], [18, 0.43], [129, 0.42], [131, 0.33], [132, 0.33], [133, 0.33], [16, 0.3], [17, 0.25], [134, 0.23], [136, 0.21], [15, 0.16], [135, 0.15], [140, 0.12], [137, 0.09], [138, 0.09], [139, 0.09], [141, 0.08], [143, 0.08], [14, 0.07], [142, 0.07], [144, 0.06], [145, 0.05], [12, 0.04], [13, 0.04], [146, 0.03], [147, 0.03], [159, 0.03], [148, 0.02], [161, 0.02], [9, 0.01], [10, 0.01], [149, 0.01], [150, 0.01], [153, 0.01], [155, 0.01], [158, 0.01], [166, 0.01]]
62
[[74, 144.54], [73, 143.84], [75, 143.73], [71, 142.12], [72, 141.24], [70, 139.26], [76, 138.98], [77, 137.88], [69, 137.2], [78, 135.97], [68, 133.36], [79, 130.49], [80, 128.29], [67, 126.64], [81, 124.49], [66, 124.36], [65, 120.21], [82, 117.16], [83, 113.52], [64, 112.83], [63, 108.12], [84, 106.52], [85, 103.68], [62, 97.7], [86, 96.17], [87, 91.76], [61, 90.78], [88, 84.94], [60, 83.8], [89, 78.96], [59, 76.2], [90, 75.41], [91, 69.45], [58, 69.15], [92, 63.64], [57, 62.27], [93, 59.77], [56, 55.32], [94, 55.04], [95, 49.18], [55, 48.4], [96, 46.09], [54, 43.37], [97, 42.96], [98, 39.23], [53, 35.83], [99, 34.88], [52, 32.59], [100, 31.65], [101, 28.92], [51, 26.57], [102, 25.82], [103, 23.46], [50, 23.28], [104, 20.19], [49, 19.08], [105, 18.67], [106, 16.39], [48, 16.35], [107, 14.84], [47, 13.84], [108, 13.65], [109, 12.17], [46, 11.63], [110, 10.64], [45, 9.44], [111, 9.02], [112, 8.76], [44, 8.3], [113, 7.25], [43, 6.91], [114, 6.66], [42, 6.16], [41, 5.73], [115, 5.64], [40, 5.28], [39, 5.23], [38, 4.85], [116, 4.81], [35, 4.78], [37, 4.77], [36, 4.74], [117, 4.5], [32, 4.39], [33, 4.26], [34, 4.25], [118, 4.05], [30, 3.82], [31, 3.66], [119, 3.5], [29, 3.34], [120, 3.2], [28, 3.18], [27, 2.99], [121, 2.72], [26, 2.65], [25, 2.39], [122, 2.27], [123, 1.94], [124, 1.83], [24, 1.78], [23, 1.63], [125, 1.59], [126, 1.24], [127, 1.12], [22, 1.06], [128, 1.02], [21, 0.88], [130, 0.78], [129, 0.74], [131, 0.63], [132, 0.62], [20, 0.56], [133, 0.43], [18, 0.42], [19, 0.4], [17, 0.37], [134, 0.36], [135, 0.36], [136, 0.28], [140, 0.19], [137, 0.17], [138, 0.17], [141, 0.16], [16, 0.13], [139, 0.13], [142, 0.13], [15, 0.11], [143, 0.1], [144, 0.09], [145, 0.09], [14, 0.08], [146, 0.07], [148, 0.06], [152, 0.05], [149, 0.04], [155, 0.04], [147, 0.03], [13, 0.02], [150, 0.02], [151, 0.02], [154, 0.02], [157, 0.02], [165, 0.02], [153, 0.01], [161, 0.01], [178, 0.01]]
63
[[76, 141.1], [75, 140.32], [77, 138.92], [74, 138.85], [73, 137.35], [78, 137.3], [79, 136.63], [72, 136.07], [80, 132.84], [81, 132.28], [71, 132.19], [70, 127.53], [82, 125.82], [69, 124.28], [83, 121.1], [68, 119.95], [84, 118.21], [85, 113.61], [67, 112.6], [86, 108.14], [66, 107.63], [87, 106.35], [65, 102.7], [88, 99.25], [64, 96.74], [89, 92.19], [90, 87.96], [63, 87.8], [91, 83.91], [62, 80.96], [92, 79.26], [61, 73.08], [93, 71.87], [60, 66.59], [94, 66.56], [95, 63.13], [59, 61.26], [96, 57.05], [58, 54.32], [97, 53.44], [98, 49.44], [57, 48.32], [99, 46.22], [56, 41.43], [100, 40.09], [101, 37.97], [55, 37.02], [102, 34.7], [54, 30.96], [103, 30.82], [104, 28.04], [53, 27.46], [105, 25.66], [106, 23.87], [52, 23.42], [107, 20.43], [51, 19.62], [108, 18.58], [109, 17.14], [50, 16.95], [110, 14.78], [49, 14.14], [111, 13.06], [112, 11.86], [48, 11.57], [113, 11.0], [47, 9.73], [114, 8.95], [115, 8.59], [46, 8.42], [45, 7.12], [116, 7.12], [117, 6.71], [44, 6.35], [118, 5.81], [43, 5.67], [119, 5.44], [42, 5.04], [41, 4.92], [40, 4.64], [39, 4.6], [37, 4.55], [120, 4.54], [38, 4.43], [36, 4.3], [35, 4.27], [34, 4.18], [32, 4.0], [33, 3.87], [31, 3.7], [121, 3.58], [30, 3.32], [122, 3.22], [123, 3.07], [29, 3.06], [28, 2.77], [27, 2.75], [124, 2.69], [125, 2.25], [26, 2.2], [126, 2.04], [25, 1.8], [127, 1.72], [128, 1.52], [24, 1.48], [130, 1.26], [129, 1.23], [23, 1.08], [131, 1.02], [22, 0.95], [132, 0.89], [21, 0.73], [133, 0.7], [134, 0.7], [136, 0.55], [20, 0.45], [135, 0.41], [19, 0.37], [137, 0.37], [138, 0.35], [18, 0.34], [141, 0.23], [139, 0.22], [17, 0.2], [140, 0.19], [144, 0.19], [16, 0.18], [143, 0.18], [142, 0.14], [145, 0.14], [15, 0.11], [148, 0.1], [146, 0.09], [150, 0.07], [149, 0.06], [147, 0.05], [14, 0.03], [151, 0.03], [152, 0.03], [160, 0.03], [162, 0.03], [153, 0.02], [154, 0.02], [155, 0.02], [156, 0.02], [169, 0.02], [9, 0.01], [12, 0.01], [13, 0.01], [157, 0.01], [159, 0.01], [161, 0.01], [164, 0.01], [168, 0.01], [185, 0.01]]
64
[[78, 137.66], [76, 137.64], [79, 137.63], [77, 136.42], [80, 135.93], [81, 135.75], [75, 134.34], [82, 134.14], [74, 131.68], [83, 129.02], [73, 127.77], [72, 126.25], [84, 126.15], [85, 120.25], [71, 119.61], [86, 118.99], [70, 115.53], [87, 114.6], [88, 110.76], [69, 109.68], [68, 105.54], [89, 105.21], [90, 100.11], [67, 96.68], [91, 94.4], [92, 92.23], [66, 91.41], [93, 85.75], [65, 85.15], [94, 80.08], [64, 78.45], [95, 75.49], [63, 71.68], [96, 70.67], [62, 66.02], [97, 66.0], [98, 59.93], [61, 58.22], [99, 55.99], [60, 52.17], [100, 51.15], [101, 47.54], [59, 46.18], [102, 43.52], [58, 40.68], [103, 39.94], [104, 37.75], [57, 36.15], [105, 33.25], [106, 31.13], [56, 30.91], [107, 27.86], [55, 26.93], [108, 25.04], [109, 22.53], [54, 21.96], [110, 20.45], [111, 18.43], [53, 18.23], [112, 16.83], [52, 16.51], [113, 14.72], [51, 13.97], [114, 13.16], [115, 11.99], [50, 11.36], [116, 10.52], [49, 9.49], [117, 8.91], [118, 8.6], [48, 8.27], [119, 7.91], [47, 7.04], [120, 6.36], [121, 5.98], [46, 5.82], [44, 5.5], [45, 5.29], [122, 4.72], [38, 4.61], [40, 4.58], [42, 4.52], [123, 4.51], [43, 4.45], [41, 4.35], [35, 4.32], [39, 4.3], [37, 4.23], [36, 4.22], [125, 3.95], [34, 3.86], [124, 3.79], [33, 3.78], [32, 3.48], [31, 3.24], [30, 3.01], [127, 3.0], [126, 2.9], [29, 2.6], [128, 2.44], [28, 2.2], [27, 2.07], [129, 1.98], [130, 1.64], [26, 1.59], [131, 1.53], [25, 1.5], [132, 1.21], [24, 1.03], [134, 1.01], [133, 0.98], [23, 0.93], [22, 0.77], [135, 0.71], [136, 0.7], [137, 0.67], [139, 0.59], [138, 0.54], [21, 0.49], [140, 0.44], [141, 0.41], [20, 0.34], [143, 0.32], [19, 0.31], [145, 0.28], [18, 0.26], [142, 0.25], [146, 0.17], [147, 0.17], [144, 0.15], [154, 0.12], [148, 0.1], [151, 0.09], [150, 0.08], [153, 0.08], [16, 0.07], [17, 0.07], [149, 0.07], [152, 0.05], [157, 0.05], [14, 0.04], [15, 0.04], [155, 0.04], [160, 0.04], [13, 0.02], [156, 0.02], [158, 0.02], [170, 0.02], [159, 0.01], [162, 0.01], [163, 0.01], [171, 0.01]]
65
[[82, 134.54], [79, 133.87], [83, 133.77], [81, 133.39], [80, 132.06], [78, 131.82], [84, 129.9], [77, 129.65], [76, 128.75], [85, 128.53], [86, 125.54], [75, 125.34], [87, 124.98], [74, 122.11], [88, 118.62], [73, 117.9], [89, 113.37], [90, 112.71], [72, 110.41], [91, 107.49], [71, 103.99], [92, 102.84], [70, 99.64], [93, 96.75], [69, 94.46], [94, 92.25], [95, 89.11], [68, 88.38], [96, 81.65], [67, 81.14], [97, 77.03], [66, 75.26], [98, 72.92], [65, 68.81], [99, 67.94], [100, 63.67], [64, 63.63], [101, 59.1], [102, 55.6], [63, 55.36], [103, 50.52], [62, 49.51], [104, 46.36], [61, 45.09], [105, 42.38], [60, 39.99], [106, 39.43], [107, 35.54], [59, 35.0], [108, 33.62], [58, 30.97], [109, 30.53], [110, 26.93], [57, 26.6], [111, 25.57], [112, 22.7], [56, 22.02], [113, 19.63], [55, 18.74], [114, 18.7], [115, 16.12], [54, 15.38], [116, 14.79], [53, 13.4], [117, 13.11], [118, 12.0], [52, 11.75], [119, 10.67], [120, 10.04], [51, 9.64], [50, 8.26], [121, 8.09], [49, 7.56], [122, 7.28], [123, 6.9], [48, 6.1], [47, 5.9], [124, 5.69], [125, 5.39], [45, 5.0], [46, 4.83], [43, 4.68], [126, 4.67], [44, 4.52], [42, 4.44], [41, 4.43], [127, 4.22], [40, 4.15], [35, 4.08], [36, 4.08], [37, 3.87], [38, 3.87], [128, 3.7], [39, 3.69], [33, 3.64], [34, 3.52], [129, 3.23], [32, 3.21], [130, 3.21], [131, 2.81], [31, 2.79], [30, 2.59], [29, 2.37], [132, 2.15], [133, 1.93], [28, 1.92], [134, 1.74], [27, 1.59], [135, 1.49], [26, 1.48], [136, 1.17], [25, 1.12], [137, 1.01], [138, 0.9], [24, 0.85], [139, 0.8], [140, 0.71], [141, 0.71], [22, 0.7], [23, 0.64], [142, 0.62], [144, 0.5], [143, 0.48], [21, 0.46], [146, 0.38], [145, 0.33], [20, 0.22], [19, 0.2], [147, 0.2], [148, 0.19], [149, 0.17], [153, 0.17], [150, 0.16], [151, 0.16], [18, 0.14], [155, 0.11], [17, 0.1], [156, 0.1], [152, 0.09], [154, 0.08], [16, 0.06], [157, 0.06], [158, 0.06], [159, 0.03], [161, 0.03], [15, 0.02], [160, 0.02], [162, 0.02], [163, 0.02], [165, 0.02], [167, 0.02], [4, 0.01], [13, 0.01], [14, 0.01], [169, 0.01], [171, 0.01], [172, 0.01], [173, 0.01], [181, 0.01], [183, 0.01]]
66
[[81, 131.36], [82, 131.32], [84, 131.1], [83, 130.42], [86, 129.43], [80, 127.83], [85, 127.69], [87, 126.48], [79, 126.18], [88, 124.99], [78, 123.39], [77, 123.0], [89, 121.77], [90, 117.16], [76, 116.92], [91, 115.81], [75, 112.05], [92, 110.68], [74, 107.45], [93, 105.68], [73, 101.85], [94, 100.57], [95, 99.16], [72, 97.36], [96, 93.46], [71, 90.68], [97, 89.37], [70, 83.52], [98, 82.57], [69, 79.94], [99, 79.62], [100, 75.66], [68, 73.05], [101, 70.58], [102, 66.78], [67, 66.75], [103, 61.51], [66, 59.47], [104, 58.31], [65, 55.16], [105, 53.26], [106, 50.28], [64, 49.55], [107, 46.17], [63, 44.42], [108, 42.19], [62, 39.45], [109, 39.29], [110, 36.71], [61, 33.65], [111, 32.76], [112, 30.12], [60, 29.32], [113, 27.71], [59, 25.96], [114, 25.64], [115, 22.54], [58, 21.71], [116, 20.99], [117, 18.51], [57, 18.1], [118, 17.16], [56, 16.02], [119, 15.19], [55, 13.71], [120, 13.71], [121, 12.16], [122, 11.84], [54, 11.09], [123, 9.85], [53, 9.62], [124, 8.69], [52, 8.62], [125, 8.45], [126, 7.41], [51, 7.25], [127, 6.23], [50, 6.06], [128, 5.58], [49, 5.48], [48, 5.38], [129, 5.02], [47, 4.71], [130, 4.31], [45, 4.26], [46, 4.12], [43, 4.1], [39, 4.07], [44, 4.01], [42, 4.0], [131, 3.95], [41, 3.84], [38, 3.83], [40, 3.73], [37, 3.71], [36, 3.65], [34, 3.47], [35, 3.47], [33, 3.29], [132, 3.28], [133, 3.22], [32, 2.97], [31, 2.64], [134, 2.39], [135, 2.27], [30, 2.05], [136, 2.01], [137, 2.01], [29, 1.95], [28, 1.73], [138, 1.69], [139, 1.41], [27, 1.3], [26, 1.27], [140, 1.19], [25, 1.06], [141, 1.03], [142, 0.86], [143, 0.86], [144, 0.74], [24, 0.72], [23, 0.62], [145, 0.57], [146, 0.51], [147, 0.47], [22, 0.39], [149, 0.33], [148, 0.29], [152, 0.27], [21, 0.24], [155, 0.21], [150, 0.2], [151, 0.2], [153, 0.2], [156, 0.18], [20, 0.14], [154, 0.14], [19, 0.13], [158, 0.09], [157, 0.08], [18, 0.07], [17, 0.06], [159, 0.06], [160, 0.06], [163, 0.05], [161, 0.04], [12, 0.03], [15, 0.03], [165, 0.03], [168, 0.03], [16, 0.02], [164, 0.02], [166, 0.02], [167, 0.02], [172, 0.02], [14, 0.01], [162, 0.01], [169, 0.01], [175, 0.01], [177, 0.01], [179, 0.01], [192, 0.01], [194, 0.01]]
67
[[85, 131.47], [86, 130.12], [84, 130.11], [87, 127.28], [88, 126.5], [83, 125.92], [82, 125.68], [89, 124.46], [90, 123.86], [81, 121.91], [91, 121.72], [80, 119.66], [92, 117.31], [93, 115.97], [79, 115.47], [78, 112.43], [94, 112.14], [95, 108.38], [77, 108.28], [96, 103.33], [76, 102.46], [75, 99.34], [97, 98.8], [98, 94.77], [74, 92.14], [99, 90.03], [73, 87.26], [100, 87.12], [72, 81.67], [101, 80.79], [102, 77.54], [71, 77.06], [103, 72.87], [70, 70.31], [104, 67.34], [105, 64.47], [69, 63.83], [106, 60.53], [68, 58.74], [107, 55.13], [67, 52.35], [108, 52.19], [109, 48.37], [66, 46.46], [110, 45.16], [65, 41.09], [111, 40.98], [112, 37.48], [64, 36.91], [113, 36.51], [63, 33.14], [114, 32.64], [115, 29.91], [62, 28.12], [116, 26.41], [117, 25.12], [61, 25.06], [118, 22.2], [60, 21.65], [119, 20.68], [120, 19.25], [59, 18.68], [121, 16.69], [58, 15.81], [122, 15.74], [123, 13.94], [124, 13.37], [57, 12.67], [125, 11.28], [56, 11.11], [126, 10.51], [55, 9.28], [127, 9.05], [54, 8.48], [128, 8.34], [53, 7.27], [129, 7.07], [130, 6.76], [52, 5.97], [131, 5.87], [132, 5.71], [51, 5.03], [50, 4.83], [49, 4.77], [133, 4.73], [48, 4.35], [45, 4.15], [43, 4.06], [41, 4.01], [42, 3.96], [47, 3.93], [38, 3.9], [134, 3.9], [44, 3.84], [46, 3.82], [40, 3.81], [39, 3.74], [135, 3.65], [37, 3.58], [35, 3.37], [136, 3.32], [36, 3.3], [137, 3.15], [34, 3.09], [33, 2.82], [138, 2.65], [32, 2.54], [31, 2.32], [139, 2.19], [30, 2.1], [140, 2.1], [141, 1.96], [142, 1.63], [29, 1.59], [143, 1.52], [145, 1.41], [28, 1.35], [144, 1.27], [27, 1.19], [146, 1.14], [147, 1.05], [26, 0.93], [148, 0.88], [25, 0.77], [149, 0.74], [24, 0.62], [150, 0.53], [152, 0.49], [151, 0.48], [23, 0.44], [154, 0.39], [155, 0.34], [153, 0.31], [22, 0.26], [156, 0.22], [158, 0.2], [157, 0.19], [159, 0.19], [21, 0.16], [20, 0.14], [160, 0.13], [161, 0.12], [18, 0.09], [162, 0.09], [163, 0.08], [164, 0.07], [17, 0.06], [19, 0.06], [165, 0.06], [167, 0.05], [166, 0.04], [171, 0.04], [14, 0.03], [175, 0.03], [16, 0.02], [168, 0.02], [169, 0.02], [170, 0.02], [172, 0.02], [173, 0.02], [176, 0.01], [177, 0.01], [179, 0.01], [182, 0.01], [195, 0.01]]
68
[[89, 128.4], [90, 126.27], [88, 126.02], [85, 125.0], [87, 124.92], [86, 124.9], [91, 124.69], [92, 123.37], [84, 121.67], [94, 119.89], [93, 119.59], [83, 118.43], [95, 116.4], [82, 114.54], [96, 112.27], [97, 111.58], [81, 111.49], [80, 108.68], [98, 105.62], [79, 102.37], [99, 102.35], [78, 99.39], [100, 98.28], [77, 94.2], [101, 93.52], [102, 90.61], [76, 87.74], [103, 84.13], [75, 82.59], [104, 82.34], [105, 77.61], [74, 76.34], [106, 72.11], [73, 72.06], [107, 68.05], [72, 65.9], [108, 64.48], [71, 61.3], [109, 59.62], [110, 55.51], [70, 54.18], [111, 52.7], [69, 49.87], [112, 48.87], [68, 44.38], [113, 44.3], [114, 40.85], [67, 39.22], [115, 37.7], [66, 35.57], [116, 34.87], [117, 32.07], [65, 30.3], [118, 29.32], [119, 28.09], [64, 28.0], [120, 25.06], [63, 23.49], [121, 21.67], [62, 19.78], [122, 19.48], [123, 18.3], [61, 17.29], [124, 16.95], [125, 15.6], [60, 14.7], [126, 13.81], [59, 12.74], [127, 12.27], [58, 11.37], [128, 10.85], [129, 10.03], [57, 9.48], [130, 8.9], [56, 7.99], [131, 7.94], [132, 7.74], [55, 6.56], [54, 6.32], [133, 6.2], [134, 5.91], [53, 5.11], [52, 5.08], [135, 4.87], [50, 4.47], [137, 4.26], [51, 4.23], [136, 4.22], [45, 4.21], [49, 4.09], [138, 4.06], [44, 3.94], [42, 3.87], [43, 3.84], [46, 3.84], [48, 3.74], [40, 3.66], [47, 3.62], [41, 3.61], [39, 3.59], [139, 3.47], [38, 3.45], [37, 3.26], [36, 3.2], [35, 3.0], [140, 2.95], [141, 2.6], [34, 2.55], [33, 2.54], [32, 2.12], [142, 2.12], [143, 2.0], [31, 1.93], [144, 1.63], [145, 1.56], [30, 1.48], [29, 1.43], [146, 1.29], [147, 1.19], [28, 1.15], [149, 1.1], [148, 0.99], [27, 0.91], [150, 0.91], [151, 0.84], [26, 0.72], [154, 0.52], [24, 0.49], [153, 0.49], [152, 0.46], [25, 0.39], [155, 0.38], [23, 0.35], [156, 0.35], [158, 0.31], [22, 0.25], [157, 0.21], [162, 0.19], [160, 0.18], [159, 0.17], [163, 0.17], [21, 0.16], [161, 0.16], [165, 0.16], [164, 0.15], [168, 0.1], [20, 0.09], [18, 0.06], [19, 0.05], [166, 0.05], [169, 0.05], [172, 0.05], [167, 0.04], [173, 0.04], [170, 0.03], [174, 0.03], [17, 0.02], [171, 0.02], [175, 0.02], [178, 0.02], [179, 0.02], [180, 0.02], [186, 0.02], [15, 0.01], [181, 0.01], [182, 0.01], [183, 0.01], [185, 0.01], [187, 0.01], [189, 0.01], [194, 0.01]]
69
[[88, 126.07], [92, 125.19], [94, 123.96], [89, 123.74], [91, 123.34], [93, 122.64], [87, 121.58], [90, 121.51], [95, 121.44], [86, 119.56], [85, 116.31], [96, 116.21], [97, 115.6], [84, 114.55], [98, 112.38], [99, 110.16], [83, 108.86], [100, 106.24], [82, 104.05], [101, 101.0], [81, 99.64], [102, 98.3], [80, 96.73], [103, 94.71], [104, 90.05], [79, 88.58], [105, 86.12], [78, 85.01], [106, 83.03], [77, 81.12], [107, 76.82], [76, 74.38], [108, 73.83], [109, 70.69], [75, 69.99], [110, 64.11], [111, 62.47], [74, 62.42], [112, 59.08], [73, 57.66], [113, 52.83], [72, 52.58], [114, 50.19], [115, 47.67], [71, 47.01], [116, 44.5], [70, 42.1], [117, 41.15], [69, 38.93], [118, 38.19], [119, 34.22], [68, 32.57], [120, 32.03], [121, 30.47], [67, 29.03], [122, 27.39], [66, 25.75], [123, 25.54], [124, 23.37], [65, 22.39], [125, 20.33], [126, 19.53], [64, 18.89], [127, 16.93], [63, 16.86], [128, 15.02], [129, 14.69], [62, 13.72], [130, 13.0], [61, 12.11], [131, 11.54], [132, 10.45], [60, 9.71], [133, 9.22], [134, 9.08], [59, 9.06], [135, 7.87], [58, 7.61], [136, 7.01], [57, 6.57], [137, 6.1], [56, 5.84], [138, 5.6], [55, 5.46], [139, 5.1], [54, 4.75], [140, 4.56], [53, 4.4], [45, 4.07], [141, 3.96], [52, 3.88], [44, 3.85], [43, 3.84], [42, 3.81], [47, 3.71], [46, 3.7], [142, 3.62], [49, 3.61], [50, 3.61], [51, 3.61], [48, 3.57], [39, 3.49], [41, 3.37], [38, 3.33], [40, 3.19], [37, 3.06], [143, 3.04], [144, 2.92], [36, 2.82], [35, 2.57], [145, 2.57], [34, 2.3], [146, 2.2], [147, 2.09], [33, 2.04], [148, 1.95], [32, 1.8], [31, 1.59], [149, 1.51], [30, 1.46], [150, 1.45], [151, 1.06], [29, 1.04], [154, 1.02], [152, 0.97], [153, 0.95], [28, 0.93], [155, 0.79], [157, 0.7], [26, 0.63], [156, 0.54], [158, 0.52], [159, 0.46], [27, 0.44], [160, 0.41], [25, 0.35], [161, 0.31], [162, 0.28], [24, 0.27], [163, 0.27], [22, 0.21], [165, 0.21], [166, 0.2], [164, 0.19], [23, 0.17], [21, 0.13], [167, 0.11], [173, 0.11], [175, 0.11], [169, 0.1], [171, 0.1], [168, 0.08], [20, 0.07], [170, 0.07], [174, 0.07], [19, 0.06], [18, 0.04], [172, 0.04], [177, 0.04], [180, 0.04], [17, 0.03], [176, 0.03], [179, 0.03], [186, 0.03], [178, 0.02], [184, 0.02], [14, 0.01], [16, 0.01], [181, 0.01], [182, 0.01], [183, 0.01], [190, 0.01], [193, 0.01], [195, 0.01], [199, 0.01], [201, 0.01], [203, 0.01]]
70
[[94, 123.47], [93, 122.97], [96, 121.89], [92, 121.76], [95, 121.49], [97, 119.31], [90, 118.63], [91, 118.05], [98, 117.14], [89, 115.21], [100, 113.44], [88, 113.08], [99, 112.49], [101, 110.92], [87, 110.08], [86, 108.33], [102, 107.09], [85, 103.78], [103, 103.52], [104, 101.46], [84, 100.67], [105, 97.55], [83, 93.52], [82, 91.69], [106, 91.63], [107, 89.19], [108, 86.77], [81, 85.91], [80, 81.37], [109, 81.06], [110, 80.02], [79, 76.86], [111, 74.91], [78, 71.46], [112, 68.75], [77, 65.21], [113, 63.77], [76, 60.44], [114, 59.61], [115, 58.04], [75, 55.57], [116, 54.37], [74, 50.97], [117, 49.32], [118, 46.94], [73, 44.98], [119, 43.61], [120, 40.28], [72, 40.2], [121, 37.6], [122, 36.27], [71, 35.84], [70, 32.27], [123, 31.75], [124, 29.97], [69, 28.32], [125, 26.85], [126, 25.14], [68, 24.62], [127, 22.49], [67, 21.09], [128, 20.72], [129, 19.86], [66, 19.01], [130, 18.21], [131, 16.37], [65, 15.8], [132, 14.8], [64, 13.68], [133, 13.3], [63, 12.05], [134, 11.55], [135, 11.09], [62, 9.9], [136, 9.86], [137, 8.81], [61, 8.28], [138, 7.7], [60, 7.59], [140, 6.86], [139, 6.84], [59, 6.22], [141, 5.99], [58, 5.4], [142, 4.98], [57, 4.92], [143, 4.79], [56, 4.49], [144, 4.12], [55, 4.07], [46, 4.06], [54, 4.06], [47, 3.87], [53, 3.86], [43, 3.71], [50, 3.7], [145, 3.68], [48, 3.65], [45, 3.6], [42, 3.58], [51, 3.55], [49, 3.52], [146, 3.49], [44, 3.48], [52, 3.43], [41, 3.26], [40, 3.14], [39, 3.09], [147, 3.03], [38, 2.88], [37, 2.63], [148, 2.55], [36, 2.48], [149, 2.24], [35, 2.23], [34, 1.92], [152, 1.91], [150, 1.88], [151, 1.81], [33, 1.71], [32, 1.46], [153, 1.42], [31, 1.36], [154, 1.33], [155, 1.26], [30, 1.18], [156, 1.02], [157, 0.89], [29, 0.87], [158, 0.84], [159, 0.71], [28, 0.7], [160, 0.62], [27, 0.58], [161, 0.51], [164, 0.49], [162, 0.41], [165, 0.39], [163, 0.37], [26, 0.35], [166, 0.32], [25, 0.31], [167, 0.31], [24, 0.24], [23, 0.23], [168, 0.16], [169, 0.14], [22, 0.13], [173, 0.13], [170, 0.1], [174, 0.1], [20, 0.09], [172, 0.09], [175, 0.09], [21, 0.08], [171, 0.07], [179, 0.06], [178, 0.05], [180, 0.04], [182, 0.03], [184, 0.03], [185, 0.03], [18, 0.02], [177, 0.02], [186, 0.02], [16, 0.01], [19, 0.01], [176, 0.01], [183, 0.01], [188, 0.01], [191, 0.01], [192, 0.01], [193, 0.01], [196, 0.01], [211, 0.01]]
71
[[96, 122.15], [100, 119.34], [94, 118.64], [99, 118.31], [98, 118.03], [97, 117.77], [95, 117.3], [93, 117.18], [92, 115.37], [91, 115.33], [101, 114.18], [102, 112.62], [103, 111.71], [90, 110.49], [104, 109.54], [89, 108.52], [105, 106.86], [88, 104.08], [106, 103.4], [87, 100.56], [107, 98.75], [108, 97.9], [86, 97.12], [109, 92.48], [85, 90.02], [110, 88.32], [84, 87.42], [111, 85.68], [83, 81.92], [112, 80.07], [82, 75.74], [113, 73.98], [114, 73.05], [81, 70.73], [115, 69.56], [80, 66.95], [116, 65.26], [79, 61.64], [117, 60.99], [118, 57.05], [78, 56.11], [119, 53.33], [120, 51.23], [77, 50.5], [121, 47.69], [76, 47.33], [122, 43.88], [75, 41.04], [123, 39.29], [74, 37.47], [124, 37.37], [125, 34.97], [73, 34.69], [126, 31.68], [127, 30.17], [72, 29.06], [128, 27.04], [71, 26.45], [129, 24.41], [70, 23.28], [130, 23.07], [131, 20.75], [132, 20.04], [69, 19.82], [133, 17.77], [68, 17.57], [134, 15.83], [67, 15.35], [135, 14.87], [136, 13.5], [137, 12.62], [66, 12.53], [138, 10.86], [65, 10.74], [64, 9.55], [139, 9.55], [140, 8.87], [63, 8.12], [141, 7.82], [142, 6.79], [62, 6.75], [143, 6.54], [61, 5.74], [144, 5.65], [60, 5.59], [145, 5.24], [146, 4.72], [59, 4.64], [58, 4.32], [147, 4.31], [57, 4.13], [56, 3.95], [52, 3.86], [54, 3.72], [47, 3.69], [44, 3.67], [48, 3.66], [55, 3.66], [53, 3.61], [148, 3.61], [49, 3.58], [43, 3.52], [45, 3.51], [46, 3.48], [50, 3.44], [51, 3.29], [41, 3.28], [149, 3.28], [42, 3.17], [150, 2.93], [39, 2.9], [40, 2.87], [151, 2.64], [38, 2.46], [152, 2.39], [37, 2.35], [36, 2.02], [153, 1.97], [154, 1.96], [35, 1.81], [34, 1.77], [155, 1.54], [33, 1.48], [156, 1.34], [32, 1.21], [158, 1.18], [157, 1.09], [159, 1.01], [31, 0.98], [160, 0.88], [30, 0.87], [161, 0.84], [162, 0.7], [163, 0.65], [28, 0.63], [29, 0.57], [164, 0.53], [167, 0.47], [27, 0.44], [26, 0.43], [169, 0.43], [165, 0.42], [166, 0.4], [168, 0.36], [170, 0.32], [172, 0.3], [173, 0.2], [25, 0.19], [171, 0.18], [24, 0.17], [176, 0.16], [23, 0.13], [175, 0.12], [178, 0.11], [179, 0.1], [177, 0.09], [180, 0.08], [22, 0.07], [174, 0.07], [181, 0.07], [182, 0.05], [186, 0.05], [20, 0.04], [188, 0.04], [191, 0.04], [21, 0.03], [183, 0.03], [187, 0.03], [185, 0.02], [193, 0.02], [212, 0.02], [18, 0.01], [19, 0.01], [184, 0.01], [189, 0.01], [190, 0.01], [198, 0.01], [199, 0.01], [200, 0.01], [205, 0.01], [208, 0.01], [209, 0.01], [219, 0.01]]
72
[[98, 119.13], [101, 118.73], [97, 118.13], [102, 117.84], [99, 117.74], [100, 117.62], [103, 116.41], [96, 115.16], [94, 114.06], [105, 113.06], [95, 112.35], [104, 112.09], [106, 108.85], [93, 107.83], [92, 105.26], [107, 104.89], [91, 103.52], [109, 101.35], [108, 101.1], [90, 99.36], [110, 97.22], [89, 97.07], [111, 95.38], [88, 92.31], [112, 88.26], [87, 88.09], [113, 86.0], [86, 83.2], [114, 82.13], [85, 78.71], [115, 78.07], [116, 74.06], [84, 72.82], [117, 71.46], [118, 68.19], [83, 67.78], [82, 64.2], [119, 63.32], [120, 59.59], [81, 59.16], [121, 56.86], [80, 53.06], [122, 52.73], [123, 49.15], [79, 49.14], [124, 46.89], [78, 44.77], [125, 44.11], [126, 40.97], [77, 40.7], [127, 38.13], [128, 35.8], [76, 35.12], [129, 32.71], [75, 31.03], [130, 30.04], [74, 28.24], [131, 27.42], [132, 25.64], [73, 24.72], [133, 23.8], [72, 22.1], [134, 21.29], [135, 19.68], [71, 18.98], [136, 18.1], [137, 16.32], [70, 15.81], [138, 14.63], [139, 14.05], [69, 13.28], [68, 12.5], [140, 12.05], [141, 11.52], [142, 10.41], [67, 10.28], [143, 9.05], [66, 8.66], [144, 8.54], [145, 7.46], [65, 7.06], [64, 6.99], [147, 6.55], [146, 6.48], [62, 5.56], [148, 5.45], [63, 5.27], [149, 4.95], [61, 4.75], [151, 4.35], [150, 4.34], [60, 4.11], [54, 3.68], [44, 3.66], [152, 3.64], [47, 3.61], [46, 3.59], [45, 3.55], [52, 3.53], [59, 3.51], [51, 3.45], [48, 3.4], [49, 3.35], [56, 3.31], [50, 3.29], [57, 3.25], [53, 3.23], [55, 3.23], [42, 3.16], [43, 3.11], [153, 3.11], [58, 3.09], [41, 2.86], [154, 2.76], [156, 2.67], [39, 2.58], [40, 2.49], [155, 2.48], [38, 2.38], [157, 2.01], [36, 1.96], [37, 1.96], [159, 1.66], [158, 1.64], [34, 1.59], [35, 1.55], [161, 1.34], [160, 1.3], [33, 1.29], [162, 1.19], [164, 1.15], [165, 1.04], [32, 0.97], [163, 0.9], [31, 0.83], [167, 0.61], [166, 0.59], [30, 0.56], [168, 0.52], [169, 0.48], [29, 0.45], [170, 0.44], [28, 0.39], [171, 0.37], [172, 0.37], [174, 0.36], [173, 0.33], [175, 0.28], [25, 0.25], [27, 0.24], [176, 0.21], [179, 0.21], [177, 0.2], [26, 0.19], [178, 0.18], [183, 0.16], [24, 0.15], [185, 0.11], [180, 0.09], [181, 0.07], [184, 0.07], [186, 0.07], [191, 0.07], [23, 0.05], [188, 0.05], [22, 0.04], [182, 0.04], [187, 0.04], [192, 0.04], [193, 0.04], [189, 0.03], [194, 0.03], [20, 0.02], [21, 0.02], [190, 0.02], [206, 0.02], [13, 0.01], [19, 0.01], [200, 0.01], [201, 0.01], [204, 0.01], [210, 0.01], [212, 0.01], [213, 0.01], [214, 0.01]]
73
[[101, 116.06], [102, 115.91], [103, 114.71], [105, 114.61], [104, 114.51], [99, 114.15], [100, 113.75], [98, 111.69], [107, 111.67], [106, 110.93], [97, 110.81], [108, 108.45], [96, 107.03], [95, 106.35], [109, 105.77], [110, 104.1], [94, 102.66], [111, 101.04], [93, 99.28], [112, 98.91], [113, 95.41], [92, 94.39], [114, 91.64], [91, 90.7], [90, 88.74], [115, 88.65], [116, 84.88], [89, 82.85], [117, 80.38], [88, 78.34], [118, 77.14], [119, 74.75], [87, 72.05], [120, 70.27], [86, 68.66], [121, 66.86], [85, 65.54], [122, 63.75], [123, 59.99], [84, 59.87], [124, 57.09], [83, 55.84], [125, 53.72], [82, 51.12], [126, 48.92], [127, 48.41], [81, 46.13], [128, 43.81], [80, 42.85], [129, 41.72], [130, 38.27], [79, 37.53], [131, 35.43], [78, 33.9], [132, 31.7], [77, 30.16], [133, 29.81], [134, 27.27], [76, 26.77], [135, 25.4], [136, 24.03], [75, 23.71], [137, 22.28], [74, 21.16], [138, 20.19], [139, 19.3], [73, 17.87], [140, 16.98], [141, 15.46], [72, 15.42], [142, 14.29], [71, 14.12], [143, 13.53], [144, 11.84], [70, 11.46], [145, 10.76], [69, 9.75], [146, 9.69], [147, 8.68], [68, 8.62], [148, 7.77], [149, 7.34], [67, 7.0], [66, 6.53], [150, 6.38], [151, 6.01], [152, 5.52], [65, 5.27], [64, 5.1], [153, 4.99], [154, 4.62], [63, 4.54], [47, 3.9], [49, 3.89], [62, 3.89], [155, 3.83], [52, 3.73], [61, 3.69], [44, 3.67], [50, 3.65], [58, 3.38], [157, 3.37], [51, 3.33], [59, 3.32], [156, 3.26], [46, 3.24], [55, 3.21], [56, 3.21], [57, 3.21], [53, 3.2], [48, 3.19], [60, 3.18], [54, 3.12], [45, 3.07], [158, 2.98], [42, 2.88], [43, 2.78], [40, 2.6], [159, 2.57], [41, 2.56], [160, 2.41], [38, 2.22], [39, 2.12], [161, 2.04], [162, 2.02], [163, 1.75], [37, 1.53], [36, 1.51], [164, 1.46], [35, 1.36], [165, 1.34], [34, 1.09], [166, 1.06], [167, 0.94], [33, 0.84], [168, 0.77], [170, 0.77], [31, 0.76], [32, 0.74], [173, 0.74], [169, 0.73], [171, 0.69], [172, 0.58], [30, 0.49], [174, 0.4], [29, 0.37], [28, 0.33], [176, 0.33], [175, 0.32], [178, 0.28], [179, 0.27], [177, 0.24], [180, 0.22], [182, 0.21], [27, 0.19], [181, 0.19], [26, 0.15], [183, 0.14], [24, 0.13], [25, 0.12], [186, 0.12], [184, 0.1], [187, 0.09], [22, 0.05], [185, 0.05], [190, 0.05], [192, 0.05], [194, 0.04], [20, 0.03], [189, 0.03], [191, 0.03], [195, 0.03], [18, 0.02], [21, 0.02], [23, 0.02], [188, 0.02], [193, 0.02], [196, 0.02], [197, 0.02], [200, 0.02], [201, 0.02], [208, 0.02], [198, 0.01], [199, 0.01], [202, 0.01], [203, 0.01], [209, 0.01], [212, 0.01]]
74
[[105, 115.4], [104, 113.98], [107, 112.65], [103, 112.32], [106, 111.87], [108, 111.44], [102, 110.69], [101, 109.99], [109, 109.33], [110, 108.5], [100, 107.82], [111, 107.15], [98, 106.05], [112, 106.01], [99, 104.39], [97, 101.49], [113, 101.46], [114, 99.47], [96, 97.45], [115, 96.89], [95, 93.93], [116, 91.5], [94, 91.29], [117, 90.88], [93, 88.56], [118, 88.26], [119, 84.53], [92, 84.41], [120, 81.13], [91, 79.49], [121, 77.61], [122, 73.81], [90, 73.06], [89, 71.31], [123, 71.02], [124, 68.16], [88, 65.01], [125, 62.95], [87, 61.65], [126, 59.63], [127, 57.72], [86, 56.81], [128, 53.69], [85, 51.91], [129, 50.83], [84, 48.03], [130, 47.63], [131, 43.93], [83, 43.78], [132, 40.61], [133, 38.36], [82, 38.17], [134, 35.16], [81, 34.66], [135, 33.13], [80, 31.86], [136, 29.93], [137, 28.81], [79, 28.69], [138, 25.62], [78, 24.54], [139, 23.85], [140, 22.58], [77, 21.25], [141, 20.74], [142, 19.2], [76, 18.25], [143, 17.23], [75, 16.99], [144, 15.53], [74, 14.54], [145, 14.23], [146, 14.21], [73, 12.95], [147, 12.01], [148, 11.25], [72, 11.0], [149, 10.22], [71, 9.25], [150, 8.66], [151, 8.39], [70, 8.19], [152, 7.9], [153, 7.03], [69, 6.99], [68, 6.54], [154, 6.24], [155, 5.63], [67, 5.3], [156, 4.96], [66, 4.92], [157, 4.52], [158, 4.42], [65, 3.99], [63, 3.79], [64, 3.76], [55, 3.54], [160, 3.51], [159, 3.5], [61, 3.35], [51, 3.34], [50, 3.32], [53, 3.3], [48, 3.27], [62, 3.27], [52, 3.24], [54, 3.2], [58, 3.18], [161, 3.18], [47, 3.15], [45, 3.14], [57, 3.14], [59, 3.13], [56, 3.1], [49, 3.08], [44, 3.06], [60, 3.03], [46, 2.98], [43, 2.71], [162, 2.57], [41, 2.52], [163, 2.48], [42, 2.46], [40, 2.15], [165, 2.08], [164, 2.06], [39, 1.92], [167, 1.8], [38, 1.67], [166, 1.54], [37, 1.49], [168, 1.29], [36, 1.21], [169, 1.14], [35, 1.13], [170, 1.09], [34, 1.07], [171, 0.98], [33, 0.97], [172, 0.8], [173, 0.76], [32, 0.64], [175, 0.62], [174, 0.58], [176, 0.54], [31, 0.48], [30, 0.46], [178, 0.46], [177, 0.45], [179, 0.39], [180, 0.38], [29, 0.27], [183, 0.26], [182, 0.24], [181, 0.22], [28, 0.19], [27, 0.18], [187, 0.18], [186, 0.17], [185, 0.15], [189, 0.13], [190, 0.13], [26, 0.12], [25, 0.1], [184, 0.1], [191, 0.1], [192, 0.09], [188, 0.08], [23, 0.07], [193, 0.05], [196, 0.04], [194, 0.03], [195, 0.03], [198, 0.03], [199, 0.03], [24, 0.02], [201, 0.02], [202, 0.02], [210, 0.02], [18, 0.01], [19, 0.01], [22, 0.01], [197, 0.01], [200, 0.01], [203, 0.01], [204, 0.01], [209, 0.01], [215, 0.01], [216, 0.01], [223, 0.01]]
75
[[108, 111.5], [109, 111.01], [107, 110.75], [105, 110.42], [106, 110.13], [110, 109.62], [111, 109.02], [113, 108.81], [104, 108.26], [112, 107.49], [103, 105.62], [114, 104.16], [102, 104.09], [101, 103.54], [115, 102.08], [100, 100.04], [116, 99.61], [117, 98.74], [99, 96.5], [118, 96.36], [98, 95.25], [119, 91.73], [97, 90.57], [120, 89.35], [96, 88.01], [121, 86.53], [95, 83.75], [122, 83.29], [94, 79.14], [123, 78.48], [124, 76.35], [93, 74.91], [125, 71.29], [92, 70.22], [126, 70.06], [91, 66.45], [127, 66.24], [128, 63.6], [90, 62.11], [129, 59.82], [89, 57.02], [130, 56.2], [131, 53.24], [88, 52.41], [132, 50.27], [87, 48.49], [133, 46.82], [86, 45.07], [134, 44.4], [135, 41.97], [85, 40.09], [136, 39.28], [84, 37.06], [137, 35.62], [83, 32.64], [138, 32.56], [139, 30.92], [82, 29.61], [140, 28.71], [81, 27.75], [141, 26.89], [142, 25.5], [143, 23.11], [80, 22.99], [144, 21.9], [79, 20.62], [145, 19.93], [78, 18.42], [146, 18.2], [147, 16.24], [77, 15.9], [148, 14.99], [149, 14.72], [76, 13.89], [150, 12.03], [75, 11.98], [151, 11.77], [74, 10.36], [152, 10.25], [153, 9.71], [154, 9.04], [73, 8.55], [155, 8.1], [72, 7.69], [71, 7.03], [156, 6.86], [157, 6.74], [158, 6.07], [70, 5.58], [69, 5.52], [159, 5.47], [160, 5.04], [68, 4.9], [162, 4.44], [161, 4.18], [67, 3.9], [163, 3.84], [66, 3.77], [65, 3.55], [51, 3.48], [164, 3.47], [55, 3.46], [54, 3.31], [52, 3.26], [53, 3.25], [50, 3.24], [63, 3.24], [165, 3.22], [61, 3.21], [47, 3.17], [48, 3.17], [58, 3.16], [59, 3.11], [56, 3.06], [62, 3.03], [49, 2.95], [64, 2.93], [46, 2.87], [57, 2.87], [60, 2.77], [44, 2.54], [167, 2.52], [45, 2.5], [43, 2.44], [168, 2.36], [166, 2.33], [42, 2.24], [40, 2.06], [41, 2.01], [169, 1.9], [170, 1.86], [39, 1.66], [171, 1.59], [38, 1.45], [172, 1.42], [37, 1.29], [173, 1.27], [36, 1.13], [174, 1.07], [35, 1.05], [175, 1.0], [176, 0.89], [34, 0.85], [177, 0.83], [178, 0.77], [33, 0.7], [181, 0.67], [179, 0.54], [32, 0.52], [180, 0.46], [182, 0.44], [184, 0.36], [31, 0.35], [183, 0.31], [185, 0.29], [186, 0.29], [30, 0.27], [187, 0.27], [29, 0.23], [188, 0.21], [192, 0.17], [28, 0.16], [189, 0.16], [196, 0.15], [190, 0.14], [191, 0.11], [202, 0.1], [27, 0.09], [193, 0.09], [194, 0.09], [25, 0.07], [195, 0.07], [197, 0.07], [26, 0.06], [200, 0.06], [198, 0.05], [199, 0.05], [21, 0.04], [24, 0.04], [204, 0.04], [23, 0.03], [201, 0.03], [211, 0.03], [205, 0.02], [207, 0.02], [220, 0.02], [18, 0.01], [19, 0.01], [22, 0.01], [203, 0.01], [208, 0.01], [209, 0.01], [210, 0.01], [212, 0.01], [213, 0.01], [214, 0.01], [215, 0.01], [216, 0.01], [217, 0.01], [218, 0.01], [219, 0.01], [229, 0.01], [257, 0.01]]





100
[[189, 75.46], [194, 75.36], [199, 75.08], [193, 75.03], [191, 74.91], [196, 74.7], [190, 74.43], [197, 73.77], [188, 73.51], [187, 73.45], [192, 73.38], [198, 73.37], [195, 73.05], [202, 72.68], [200, 72.48], [186, 72.37], [185, 71.45], [201, 70.99], [203, 70.34], [184, 70.27], [204, 70.06], [183, 69.99], [182, 68.22], [205, 67.73], [181, 67.38], [207, 66.54], [206, 66.24], [180, 65.65], [179, 64.62], [208, 63.26], [209, 62.45], [178, 61.94], [177, 61.26], [210, 61.03], [211, 60.77], [176, 60.22], [212, 60.05], [175, 57.51], [213, 57.29], [174, 56.12], [214, 56.05], [173, 55.41], [215, 53.65], [216, 53.64], [172, 52.75], [217, 51.56], [171, 50.86], [219, 48.88], [218, 48.67], [170, 47.2], [220, 46.57], [169, 45.84], [221, 44.37], [168, 44.35], [222, 43.77], [167, 43.49], [223, 42.05], [225, 40.53], [166, 40.27], [224, 39.25], [165, 38.48], [226, 38.01], [227, 37.38], [164, 37.17], [228, 35.06], [229, 33.74], [162, 33.62], [163, 33.59], [230, 32.74], [231, 31.29], [161, 30.54], [160, 30.03], [232, 30.02], [233, 28.72], [159, 27.13], [234, 26.57], [158, 26.09], [235, 25.32], [236, 25.04], [157, 23.35], [237, 23.33], [156, 22.53], [239, 21.66], [238, 21.24], [240, 20.8], [155, 20.31], [154, 19.03], [241, 18.54], [242, 18.43], [153, 17.65], [243, 16.67], [244, 16.51], [152, 16.18], [245, 15.63], [151, 14.87], [246, 14.54], [247, 14.32], [150, 13.34], [248, 12.91], [249, 12.63], [149, 12.17], [250, 11.99], [148, 11.26], [251, 11.11], [252, 10.67], [147, 10.07], [253, 9.4], [146, 9.17], [254, 8.81], [255, 8.8], [256, 8.39], [145, 8.35], [144, 8.12], [258, 7.66], [257, 7.45], [143, 6.85], [259, 6.71], [142, 6.32], [260, 5.93], [261, 5.82], [262, 5.49], [140, 5.29], [264, 5.17], [263, 5.05], [265, 4.78], [141, 4.76], [139, 4.37], [266, 4.3], [138, 4.07], [267, 3.88], [268, 3.54], [137, 3.37], [270, 3.28], [136, 3.16], [269, 2.96], [272, 2.92], [271, 2.79], [273, 2.68], [134, 2.67], [135, 2.52], [91, 2.49], [97, 2.42], [275, 2.39], [133, 2.37], [92, 2.36], [276, 2.34], [274, 2.28], [98, 2.26], [89, 2.24], [88, 2.17], [87, 2.16], [100, 2.16], [90, 2.15], [95, 2.15], [94, 2.1], [102, 2.09], [99, 2.06], [132, 2.05], [85, 2.02], [96, 1.98], [101, 1.96], [104, 1.92], [277, 1.92], [86, 1.89], [103, 1.87], [84, 1.86], [105, 1.85], [81, 1.84], [93, 1.84], [80, 1.78], [83, 1.76], [279, 1.76], [108, 1.72], [107, 1.71], [278, 1.7], [131, 1.69], [106, 1.68], [280, 1.68], [82, 1.62], [130, 1.62], [111, 1.52], [112, 1.5], [128, 1.49], [113, 1.47], [129, 1.46], [77, 1.42], [78, 1.38], [127, 1.38], [79, 1.34], [124, 1.33], [109, 1.32], [283, 1.32], [110, 1.3], [76, 1.29], [114, 1.28], [117, 1.28], [75, 1.25], [126, 1.24], [281, 1.24], [282, 1.23], [123, 1.22], [118, 1.21], [74, 1.17], [120, 1.16], [116, 1.14], [125, 1.12], [115, 1.1], [119, 1.1], [284, 1.1], [122, 1.06], [121, 0.97], [285, 0.97], [73, 0.93], [287, 0.9], [289, 0.88], [286, 0.85], [72, 0.81], [70, 0.78], [288, 0.73], [69, 0.72], [71, 0.71], [290, 0.65], [291, 0.64], [292, 0.53], [67, 0.48], [294, 0.48], [296, 0.48], [293, 0.45], [295, 0.44], [68, 0.42], [66, 0.38], [297, 0.38], [65, 0.36], [298, 0.36], [302, 0.34], [299, 0.32], [64, 0.31], [63, 0.29], [303, 0.27], [300, 0.26], [301, 0.25], [304, 0.25], [61, 0.21], [305, 0.21], [62, 0.19], [306, 0.19], [309, 0.18], [60, 0.17], [307, 0.14], [59, 0.13], [315, 0.13], [57, 0.12], [58, 0.12], [308, 0.12], [310, 0.12], [311, 0.11], [56, 0.1], [313, 0.09], [55, 0.08], [316, 0.08], [318, 0.08], [312, 0.07], [54, 0.06], [52, 0.05], [314, 0.05], [327, 0.05], [317, 0.04], [321, 0.04], [324, 0.04], [328, 0.04], [53, 0.03], [319, 0.03], [320, 0.03], [322, 0.03], [326, 0.03], [332, 0.03], [50, 0.02], [323, 0.02], [325, 0.02], [331, 0.02], [333, 0.02], [45, 0.01], [47, 0.01], [48, 0.01], [51, 0.01], [329, 0.01], [335, 0.01], [336, 0.01], [338, 0.01], [341, 0.01], [347, 0.01], [351, 0.01]]
