10
1.56905915647
[[1, 1867.92], [2, 930.54], [3, 301.06], [4, 71.14], [5, 13.79], [6, 2.04], [7, 0.25], [8, 0.04]]
======
20
4.04021454011
[[3, 986.97], [4, 985.78], [5, 791.69], [2, 744.56], [6, 517.44], [1, 386.79], [7, 292.46], [8, 144.9], [9, 63.29], [10, 24.26], [11, 8.33], [12, 2.8], [13, 0.71], [14, 0.18], [15, 0.08], [16, 0.01]]
======
50
24.7524752475
[[25, 400.93], [24, 399.78], [26, 383.33], [23, 381.03], [27, 354.87], [22, 347.15], [28, 315.12], [21, 305.68], [29, 272.83], [20, 258.43], [30, 222.79], [19, 207.03], [31, 182.69], [18, 156.43], [32, 138.99], [17, 113.78], [33, 106.84], [16, 78.99], [34, 76.33], [35, 55.5], [15, 54.96], [14, 37.19], [36, 37.01], [13, 25.62], [37, 25.06], [12, 19.64], [38, 16.83], [11, 15.07], [10, 11.47], [39, 10.15], [9, 9.26], [40, 6.73], [8, 6.05], [7, 4.02], [41, 3.54], [42, 2.27], [6, 2.17], [5, 1.09], [43, 1.08], [44, 0.86], [45, 0.43], [4, 0.4], [47, 0.18], [46, 0.16], [3, 0.11], [48, 0.07], [50, 0.03], [2, 0.02], [49, 0.01]]
======
100
99.0099009901
[[99, 200.17], [100, 199.7], [101, 198.59], [98, 197.34], [97, 194.23], [102, 192.91], [103, 187.39], [96, 187.26], [104, 180.47], [95, 178.03], [94, 171.7], [105, 170.59], [93, 162.29], [106, 160.97], [107, 151.17], [92, 147.99], [108, 141.14], [91, 134.54], [109, 129.28], [90, 124.85], [110, 115.42], [89, 110.24], [111, 104.82], [88, 97.18], [112, 93.49], [87, 86.3], [113, 81.65], [86, 73.88], [114, 71.74], [85, 65.03], [115, 62.33], [116, 54.5], [84, 53.43], [83, 45.9], [117, 44.56], [118, 37.86], [82, 37.3], [119, 31.94], [81, 29.88], [120, 26.36], [80, 24.55], [121, 22.24], [79, 20.48], [122, 18.14], [78, 15.58], [123, 13.94], [77, 12.18], [124, 12.06], [125, 9.54], [76, 9.31], [126, 7.57], [75, 6.98], [49, 5.97], [127, 5.94], [47, 5.73], [51, 5.73], [48, 5.62], [50, 5.6], [46, 5.49], [74, 5.31], [52, 5.1], [53, 4.84], [45, 4.81], [44, 4.63], [128, 4.49], [73, 4.31], [54, 4.27], [56, 3.95], [43, 3.7], [55, 3.59], [129, 3.46], [57, 3.27], [42, 3.26], [72, 2.86], [41, 2.74], [130, 2.68], [40, 2.62], [58, 2.46], [71, 2.37], [131, 2.16], [59, 1.95], [39, 1.89], [60, 1.79], [38, 1.6], [61, 1.55], [70, 1.52], [69, 1.28], [132, 1.23], [62, 1.11], [133, 1.05], [37, 1.03], [63, 0.99], [134, 0.97], [68, 0.95], [65, 0.83], [36, 0.81], [64, 0.79], [67, 0.76], [66, 0.6], [35, 0.53], [135, 0.49], [136, 0.35], [34, 0.31], [137, 0.31], [138, 0.27], [33, 0.18], [140, 0.13], [32, 0.12], [139, 0.12], [141, 0.1], [30, 0.09], [31, 0.08], [143, 0.06], [142, 0.05], [29, 0.04], [28, 0.03], [145, 0.03], [144, 0.02], [147, 0.02], [24, 0.01], [26, 0.01]]