-31.4289073
-31.4289073
-31.4289073
-31.4289073
-31.4289073
-31.4289073
-31.3812673
-31.3812673
-31.3812673
-31.3812673
-31.3812673
-31.3812673
-31.3812673
-31.3812673
-31.0083773
-31.0083773
-30.9788573
-30.7437783
-30.7437783
-30.7437783
-30.7437783
-30.5283473
-30.4769573
-30.4769573
-30.4769573
-30.4769573
-30.2780973
-30.2780973
-30.2780973
-30.2780973
-30.2780973
-30.2780973
-30.2780973
-30.2382673
-29.8794373
-29.8794373
-29.6314373
-29.6314373
-29.1895613
-29.1895613
-28.5451773
-28.5451773
-28.5451773
-28.5451773
-28.5451773
-28.5451773
-28.5451773
-28.5451773
-28.5451773
-28.5451773
-28.5451773
-28.5451773
-28.5451773
-28.3347663
-28.0305063
-28.0305063
-28.0305063
-28.0305063
-28.0305063
-28.0305063
-27.7690163
-27.1336963
-26.9087863
-26.6466263
-25.9244673
-25.9244673
-25.9244673
-25.2690573
-25.2690573
-25.2690573
-24.8468763
-24.8132463
-24.8132462999
-24.8132463
-24.8132463
-24.8132463
-24.8132463002
-24.8132463
-24.8132463
-24.8132462996
-24.8132463
-24.8132463002
-24.4243782996
-24.4243782998
-24.1458983
-24.0474323
-23.6943693
-23.6943693
-23.6943693
-23.6943693
-23.6943693
-23.6943693
-23.6943693
-23.6943693
-23.6943693
-23.4467793
-23.4467793
-23.4467793
-23.4467793
-23.4467793
-23.4467793
-23.4467793
-23.4467793
-23.4467793
-23.2027393
-23.2027393
-23.2027393
-23.2027393
-23.2027393
-23.2027393
-23.2027393
-23.2027393
-23.2027393
-23.2027393
-23.2027393
-22.9293793
-22.9293793
-22.9293793
-22.2497893
-22.2497893
-22.2497893
-22.2497893
-22.2497893
-22.2497893
-22.2471483
-21.6566683
-21.6566683
-21.6566683
-21.6566683
-21.3793583
-21.3793583
-21.3793583
-21.3793583
-21.3793583
-21.3793583
-21.3793583
-20.6525883
-20.6525883
-20.6357592
-20.6357592
-20.6357592
-20.6357592
-20.6357592
-20.6357592
-20.6357592
-20.6357592
-20.6357592
-20.6357592
-20.6357592
-20.6357592
-20.6357592
-20.6357592
-20.6357592
-20.6357592
-20.6357592
-20.6357592
-20.5969362
-20.5785362
-20.1839862
-19.4909462
-19.4909462
-19.4909462
-19.3092153
-18.6668853
-18.6668853
-18.6668853
-18.6668853
-18.6668853
-18.6668853
-18.6668853
-18.6668853
-18.6668853
-17.9538853
-17.2614553
-16.7034653
-16.2923253
-16.2923253
-16.2923253
-15.5813253
-15.2191053
-14.9246753
-14.9246753
-14.9246753
-14.8469753
-14.8469753
-14.8469753
-14.8469753
-14.8469753
-14.2960753
-14.2960753
-14.2960753
-14.2960753
-14.2960753
-14.2960753
-14.2960753
-14.2960753
-14.1201413
-13.6133713
-13.6133713
-13.6133713
-13.6133713
-13.6133713
-13.4148113
-13.4148113
-13.4148113
-13.1997113
-13.1997113
-13.1997113
-13.1783773
-13.1783773
-12.6691973
-12.6691973
-12.6691973
-12.6691973
-12.6283973
-12.6283973
-12.6283973
-12.6283973
-12.6283973
-12.6283973
-12.6283973
-12.6283973
-12.6283973
-12.0240773
-12.0240773
-12.0240773
-12.0240773
-12.0240773
-12.0240773
-12.0240773
-12.0240773
-11.9443873
-11.9443873
-11.9443873
-11.9443873
-11.9443873
-11.9443873
-11.9443873
-11.7249473
-11.7249473
-11.7249473
-11.3291473
-11.3291473
-11.3291473
-11.2941843
-11.2941843
-11.2941843
-11.1854143
-11.1854143
-11.1518243
-10.6101843
-10.1429443
-10.1429443
-9.7317843
-9.3198143
-9.3198143
-9.3198143
-9.3198143
-9.3198143
-9.3198143
-9.3198143
-8.9712343
-8.9712343
-8.9712343
-8.9712343
-8.9712343
-8.9712343
-8.9712343
-8.9712343
-8.3916343
-8.3916343
-8.3916343
-7.7503813
-7.7503813
-7.7503813
-7.7503813
-7.7503813
-7.7503813
-7.7503813
-7.5111713
-7.5111713
-7.5111713
-7.5062201
-7.5062201
-7.5062201
-7.5062201
-7.5062201
-7.0950601
-6.9013701
-6.4185701
-6.4185701
-6.4185701
-6.0621101
-6.0621101
-6.0621101
-5.8557301
-5.8557301
-5.8557301
-5.5357701
-5.5357701
-5.5357701
-4.8909501
-4.5487221
-4.5487221
-4.5487221
-4.4620221
-4.4072121
-4.4072121
-4.4072121
-4.4072121
-4.4072121
-4.4072121
-4.4072121
-4.4072121
-4.4072121
-4.4072121
-4.4072121
-4.4072121
-4.4072121
-4.4072121
-4.4072121
-4.4072121
-4.4072121
-4.4072121
-3.9244321
-3.9244321
-3.6634821
-3.6634821
-3.3149021
-3.1448021
-3.1448021
-2.6817687
-2.6817687
-2.6817687
-2.6501587
-2.4800587
-2.4782291
-2.4782291
-2.4782291
-2.1668191
-2.1668191
-1.9668191
-1.9668191
-1.9668191
-1.9655
-1.9655
-1.4827
-1.4827
-1.4827
-1.4827
-1.4827
-1.25188
-0.67553
-0.67553
-0.67553
-0.52782
-0.2
0.0
0.0
0.0
