38.3365019
38.3365019
38.3365019
38.3365019
38.3365019
38.3365019
43.0528619
43.0528619
43.0528619
43.0528619
43.0528619
43.0528619
43.0528619
43.0528619
79.9689718999
79.9689718999
82.8914519
106.1642729
106.1642729
106.1642729
106.1642729
127.4919419
132.5795519
132.5795519
132.5795519
132.5795519
152.266691901
152.266691901
152.2666919
152.2666919
152.2666919
152.2666919
152.266691901
156.209861901
191.7340319
191.7340319
216.2860319
216.2860319
260.0317559
260.0317559
323.8257719
323.8257719
323.8257719
323.8257719
323.8257719
323.8257719
323.8257719
323.8257719
323.8257719
323.8257719
323.8257719
323.8257719
323.8257719
344.6564609
374.7782009
374.7782009
374.7782009
374.7782009
374.7782009
374.7782009
400.6657109
463.5623909
485.8284809
511.7823209
583.2760619
583.2760619
583.2760619
648.1616519
648.1616519
648.1616519
689.9575709
693.2869409
693.28694091
693.2869409
693.2869409
693.2869409
693.286940885
693.2869409
693.2869409
693.286940941
693.2869409
693.286940883
731.784872941
731.784872918
759.3543929
769.1025269
804.0557639
804.0557639
804.0557639
804.0557639
804.0557639
804.0557639
804.0557639
804.0557639
804.0557639
828.5671739
828.5671739
828.5671739
828.5671739
828.5671739
828.5671739
828.5671739
828.5671739
828.5671739
852.7271339
852.7271339
852.7271339
852.7271339
852.7271339
852.7271339
852.7271339
852.7271339
852.7271339
852.7271339
852.7271339
879.7897739
879.7897739
879.7897739
947.0691839
947.0691839
947.0691839
947.0691839
947.0691839
947.0691839
947.3306429
1005.7881629
1005.7881629
1005.7881629
1005.7881629
1033.2418529
1033.2418529
1033.2418529
1033.2418529
1033.2418529
1033.2418529
1033.2418529
1105.1920829
1105.1920829
1106.8581638
1106.8581638
1106.8581638
1106.8581638
1106.8581638
1106.8581638
1106.8581638
1106.8581638
1106.8581638
1106.8581638
1106.8581638
1106.8581638
1106.8581638
1106.8581638
1106.8581638
1106.8581638
1106.8581638
1106.8581638
1110.7016408
1112.5232408
1151.5836908
1220.1946508
1220.1946508
1220.1946508
1238.1860099
1301.7766799
1301.7766799
1301.7766799
1301.7766799
1301.7766799
1301.7766799
1301.7766799
1301.7766799
1301.7766799
1372.3636799
1440.9142499
1496.1552599
1536.8581199
1536.8581199
1536.8581199
1607.2471199
1643.1068999
1672.2554699
1672.2554699
1672.2554699
1679.9477699
1679.9477699
1679.9477699
1679.9477699
1679.9477699
1734.4868699
1734.4868699
1734.4868699
1734.4868699
1734.4868699
1734.4868699
1734.4868699
1734.4868699
1751.9043359
1802.0745659
1802.0745659
1802.0745659
1802.0745659
1802.0745659
1821.7320059
1821.7320059
1821.7320059
1843.0269059
1843.0269059
1843.0269059
1845.1389719
1845.1389719
1895.5477919
1895.5477919
1895.5477919
1895.5477919
1899.5869919
1899.5869919
1899.5869919
1899.5869919
1899.5869919
1899.5869919
1899.5869919
1899.5869919
1899.5869919
1959.4146719
1959.4146719
1959.4146719
1959.4146719
1959.4146719
1959.4146719
1959.4146719
1959.4146719
1967.3039819
1967.3039819
1967.3039819
1967.3039819
1967.3039819
1967.3039819
1967.3039819
1989.0285419
1989.0285419
1989.0285419
2028.2127419
2028.2127419
2028.2127419
2031.6740789
2031.6740789
2031.6740789
2042.4423089
2042.4423089
2045.7677189
2099.3900789
2145.6468389
2145.6468389
2186.3516789
2227.1367089
2227.1367089
2227.1367089
2227.1367089
2227.1367089
2227.1367089
2227.1367089
2261.6461289
2261.6461289
2261.6461289
2261.6461289
2261.6461289
2261.6461289
2261.6461289
2261.6461289
2319.0265289
2319.0265289
2319.0265289
2382.5105759
2382.5105759
2382.5105759
2382.5105759
2382.5105759
2382.5105759
2382.5105759
2406.1923659
2406.1923659
2406.1923659
2406.6825347
2406.6825347
2406.6825347
2406.6825347
2406.6825347
2447.3873747
2466.5626847
2514.3598847
2514.3598847
2514.3598847
2549.6494247
2549.6494247
2549.6494247
2570.0810447
2570.0810447
2570.0810447
2601.7570847
2601.7570847
2601.7570847
2665.5942647
2699.4748367
2699.4748367
2699.4748367
2708.0581367
2713.4843267
2713.4843267
2713.4843267
2713.4843267
2713.4843267
2713.4843267
2713.4843267
2713.4843267
2713.4843267
2713.4843267
2713.4843267
2713.4843267
2713.4843267
2713.4843267
2713.4843267
2713.4843267
2713.4843267
2713.4843267
2761.2795467
2761.2795467
2787.1135967
2787.1135967
2821.6230167
2838.4629167
2838.4629167
2884.3032233
2884.3032233
2884.3032233
2887.4326133
2904.2725133
2904.4536437
2904.4536437
2904.4536437
2935.2832337
2935.2832337
2955.0832337
2955.0832337
2955.0832337
2955.2138246
2955.2138246
3003.0110246
3003.0110246
3003.0110246
3003.0110246
3003.0110246
3025.8622046
3082.9208546
3082.9208546
3082.9208546
3097.5441446
3129.9983246
3149.8983246
3149.8983246
3149.8983246
