3.5527136788e-13
3.5527136788e-13
3.5527136788e-13
3.5527136788e-13
3.5527136788e-13
3.5527136788e-13
3.5527136788e-13
3.5527136788e-13
3.5527136788e-13
3.5527136788e-13
3.5527136788e-13
3.5527136788e-13
3.5527136788e-13
3.5527136788e-13
85.573
85.573
85.573
85.573
85.573
85.573
85.573
85.573
85.573
85.573
85.573
85.573
159.175
159.175
161.341952553
161.341952553
161.341952553
161.341952553
161.341952553
161.341952553
161.341952553
161.341952553
161.341952553
162.486692233
162.486692233
204.365952553
204.365952553
204.365952553
204.365952553
232.855952553
232.855952553
233.351072553
233.351072553
233.351072553
233.351072553
233.351072553
233.351072553
233.351072553
233.351072553
233.351072553
233.351072553
233.351072553
233.351072553
233.351072553
233.351072553
233.351072553
291.311072553
291.311072553
291.311072553
291.311072553
291.311072553
348.938072553
348.938072553
348.938072553
348.938072553
396.035060074
418.716943369
418.716943369
418.716943369
418.716943369
418.716943369
438.478846987
438.478846987
483.670906913
483.670906913
483.670906913
483.670906913
483.670906913
483.670906913
513.593906913
513.593906913
513.593906913
513.593906913
569.147866355
569.147866355
759.175734845
759.175734845
759.175734845
759.175734845
759.175734845
759.175734845
759.175734845
759.175734845
759.175734845
759.175734845
759.175734845
806.687822612
829.406568845
829.406568845
894.193568845
958.534568845
958.534568845
958.534568845
1023.32156885
1087.0691454
1120.0411454
1170.25473369
1178.39473369
1178.39473369
1178.39473369
1178.39473369
1184.58373369
1253.80551829
1266.5394783
1266.5394783
1266.5394783
1266.5394783
1343.8634783
1347.9434783
1347.9434783
1351.9604783
1359.5748783
1359.5748783
1359.5748783
1359.5748783
1359.5748783
1359.5748783
1359.5748783
1388.802272
1388.802272
1391.1046837
1391.1046837
1422.2456837
1422.2456837
1422.2456837
1445.4976837
1445.4976837
1445.4976837
1445.4976837
1445.4976837
1448.0976837
1448.0976837
1448.0976837
1448.0976837
1448.0976837
1448.0976837
1448.0976837
1448.0976837
1448.0976837
1448.0976837
1448.0976837
1448.0976837
1495.8796837
1495.8796837
1495.8796837
1690.7489837
1690.7489837
1709.0819837
1709.0819837
1709.0819837
1709.0819837
1788.01241165
1788.01241165
1788.01241165
1874.20041165
1874.20041165
1874.20041165
1926.41841165
1926.41841165
1953.75441165
1953.75441165
1953.75441165
2014.21941165
2014.21941165
2014.21941165
2053.75441165
2053.75441165
2053.75441165
2106.70741165
2106.70741165
2106.70741165
2106.70741165
2106.70741165
2106.70741165
2106.70741165
2106.70741165
2106.70741165
2106.70741165
2111.62821165
2145.08680547
2208.51380547
2208.51380547
2208.51380547
2209.03414547
2311.73675752
2311.73675752
2311.73675752
2311.73675752
2311.73675752
2311.73675752
2381.22973
2381.22973
2381.22973
2381.22973
2451.86373
2451.86373
2451.86373
2451.86373
2451.86373
2451.86373
2451.86373
2607.78573
2607.78573
2607.78573
2607.78573
2607.78573
2607.78573
2607.78573
2845.07773
2845.07773
2845.07773
2845.07773
2845.07773
2845.07773
2845.07773
2845.07773
2845.07773
2845.07773
2845.07773
2845.07773
2845.07773
2845.07773
2874.44373
2874.44373
2874.44373
2874.44373
2874.44373
2874.44373
2874.44373
3181.72173
3181.72173
3181.72173
3181.72173
3181.72173
3181.72173
3181.72173
3181.72173
3181.72173
3181.72173
3181.72173
3181.72173
3181.72173
3181.72173
3181.72173
3181.72173
3181.72173
3181.72173
3181.72173
3181.72173
3181.72173
3181.72173
3181.72173
3181.72173
3181.72173
3181.72173
3181.72173
3181.72173
3181.72173
3181.72173
3181.72173
3181.72173
3181.72173
3181.72173
3181.72173
3181.72173
3181.72173
3181.72173
3181.72173
3181.72173
3181.72173
3181.72173
3181.72173
3181.72173
3181.72173
3181.72173
3181.72173
3181.72173
3181.72173
3181.72173
3181.72173
3181.72173
3181.72173
3181.72173
3181.72173
3181.72173
3181.72173
3181.72173
3181.72173
3181.72173
3181.72173
3181.72173
3181.72173
3181.72173
3181.72173
3181.72173
3181.72173
3181.72173
3181.72173
3181.72173
3181.72173
3181.72173
3181.72173
3181.72173
3181.72173
3181.72173
3181.72173
3181.72173
3181.72173
3181.72173
3181.72173
3181.72173
3181.72173
3181.72173
3181.72173
3181.72173
3181.72173
3181.72173
3181.72173
3181.72173
3181.72173
3181.72173
3181.72173
3181.72173
3181.72173
3181.72173
3181.72173
3181.72173
3181.72173
3181.72173
3181.72173
3181.72173
3181.72173
3181.72173
3181.72173
3181.72173
3181.72173
3181.72173
3181.72173
3181.72173
3181.72173
3181.72173
3181.72173
3181.72173
3181.72173
3181.72173
3181.72173
