-31.8172173
-31.8172173
-31.8172173
-31.8172173
-31.8172173
-31.8172173
-31.8172173
-31.8172173
-31.8172173
-31.8172173
-31.8172173
-31.8172173
-31.8172173
-31.8172173
-31.8172173
-31.8172173
-31.8172173
-31.8172173
-31.8172173
-31.8172173
-31.8172173
-31.8172173
-31.8172173
-31.8172173
-31.8172173
-31.8172173
-31.8172173
-31.8172173
-31.8172173
-31.8172173
-31.8172173
-31.8172173
-31.8172173
-31.8172173
-31.8172173
-31.8172173
-31.7764173
-31.7764173
-31.7764173
-31.7764173
-31.7764173
-31.7764173
-31.7504173
-31.7504173
-31.7504173
-31.7504173
-31.7504173
-31.5309773
-31.5309773
-31.5309773
-31.2342121909
-31.2342121909
-31.2342121909
-31.2342121909
-31.2342121909
-31.2342121909
-30.8983967885
-30.8983967885
-30.8983967885
-30.8983967885
-30.8983967885
-30.8983967885
-30.8983967885
-30.6210867885
-30.6210867885
-30.6210867885
-30.6210867885
-29.8634083942
-29.8634083942
-29.8634083942
-29.8634083942
-29.7649138969
-29.7649138969
-29.1886438969
-29.1886438969
-29.1886438969
-29.1754124956
-29.1754124956
-29.1754124956
-28.2163843059
-28.2163843059
-28.2163843059
-28.0312531936
-27.8326931936
-27.2887031936
-27.2887031936
-26.3386831936
-26.3386831936
-26.3386831936
-26.3386831936
-26.3386831936
-25.9410696175
-25.9410696175
-25.9410696175
-24.9376296175
-24.9376296175
-24.9376296175
-23.7193430994
-21.8099620994
-21.8099620994
-21.8099620994
-21.8099620994
-19.7117220994
-19.7117220994
-19.7117220994
-19.7098924994
-19.7098924994
-19.7098924994
-19.7098924994
-19.7098924994
-19.7098924994
-19.7098924994
-19.6885584994
-19.6885584994
-19.6885584994
-18.3511750994
-18.3511750994
-18.3511750994
-18.3511750994
-15.8838150994
-15.8838150994
-15.8838150994
-15.8838150994
-15.8838150994
-13.9142950994
-13.9142950994
-13.9142950994
-13.9142950994
-13.4441214344
-13.4257214344
-12.5893259316
-12.5893259316
-12.5893259316
-12.5893259316
-12.5893259316
-12.5893259316
-12.5893259316
-12.5893259316
-12.5893259316
-12.5893259316
-12.5893259316
-11.7280159316
-11.7280159316
-11.7280159316
-11.7280159316
-11.7280159316
-11.7280159316
-11.7280159316
-11.7280159316
-11.4896659316
-11.4896659316
-11.4691903412
-10.9684903412
-10.7075403412
-10.7075403412
-10.7075403412
-10.7075403412
-10.7075403412
-10.7075403412
-10.7075403412
-10.7075403412
-10.7075403412
-10.7075403412
-10.7075403412
-10.7075403412
-10.1654996024
-9.8344605024
-9.78491705474
-9.78491705474
-9.78491705474
-9.27846624982
-9.27846624982
-9.27846624982
-9.27846624982
-9.27846624982
-9.27846624982
-9.27846624982
-9.27846624982
-9.27846624982
-9.27846624982
-9.27846624982
-9.27846624982
-9.27846624982
-9.27846624982
-7.44997324982
-7.44997324982
-7.44997324982
-7.44997324982
-7.44997324982
-7.44997324982
-6.10361039508
-6.10361039508
-6.10361039508
-6.10361039508
-6.10361039508
-6.10361039508
-6.10361039508
-4.65403118832
-4.65403118832
-4.65403118832
-4.65403118832
-4.65403118832
-3.95244118832
-3.95244118832
-3.63747445972
-3.63747445972
-3.63747445972
-3.63747445972
-3.63747445972
-3.63747445972
-3.63747445972
-3.63747445972
-3.63747445972
-3.63747445972
-3.63747445972
-3.63747445972
-3.63747445972
-3.63747445972
-3.63747445972
-3.63747445972
-3.63747445972
-2.20745445972
-2.20745445972
-2.20745445972
-0.729003259716
-0.729003259716
-0.729003259716
-0.729003259716
-0.729003259716
-0.729003259716
-0.729003259716
-0.729003259716
-0.729003259716
-0.729003259716
-0.729003259716
-0.729003259716
-0.729003259716
-0.729003259716
-0.729003259716
0
0
0
0
0
0
0
0
0
0
0
0
0
0
0
0
0
0
0
0
0
0
0
0
0
0
0
0
0
0
0
0
0
0
0
0
0
0
0
0
0
0
0
0
0
0
0
0
0
0
0
0
0
0
0
0
0
0
0
0
0
0
0
0
0
0
0
0
0
0
0
0
0
0
0
0
0
0
0
0
0
0
0
0
0
0
0
0
0
0
0
0
0
0
0
0
0
0
0
0
0
0
0
0
0
0
0
0
0
0
0
0
0
0
0
0
0
0
0
0
0
