3.5527136788e-13
19.813
19.813
19.813
49.256
49.256
49.256
49.256
49.256
49.256
49.256
49.256
49.256
49.256
49.256
49.256
49.256
103.077
103.077
103.077
193.8839
193.8839
193.8839
193.8839
193.8839
193.8839
193.8839
193.8839
193.8839
193.8839
193.8839
277.546
277.546
277.546
277.546
277.546
294.213
294.213
294.213
294.213
294.213
294.213
294.213
294.213
294.213
294.213
294.213
294.213
294.213
294.213
294.213
294.213
294.213
294.213
294.213
294.213
294.213
294.213
294.213
294.213
342.491
342.491
342.491
342.491
342.491
342.491
342.491
342.491
342.491
342.491
342.491
342.491
342.491
342.491
342.491
342.491
342.491
342.491
342.491
342.491
442.491
533.30496
533.30496
533.30496
533.30496
533.30496
533.30496
533.30496
533.30496
533.30496
535.90496
535.90496
535.90496
539.8047746
539.8047746
539.8047746
567.6358946
567.6358946
567.6358946
567.6358946
567.6358946
567.6358946
622.751894601
624.006054381
624.006054381
624.006054381
624.006054381
650.612054381
650.612054381
650.612054381
690.268894601
701.145894601
701.145894601
701.145894601
701.145894601
701.145894601
701.145894601
844.978694601
844.978694601
844.978694601
878.730694601
901.982694601
901.982694601
901.982694601
911.4384946
911.4384946
911.4384946
928.4094946
928.4094946
977.5994946
977.5994946
1066.0893946
1158.99712915
1199.81112915
1199.81112915
1199.81112915
1231.80712915
1231.80712915
1319.28812915
1319.28812915
1319.28812915
1328.81112915
1328.81112915
1328.81112915
1328.81112915
1328.81112915
1424.63569
1424.63569
1495.56089
1495.56089
1495.56089
1495.56089
1495.56089
1663.13599
1663.13599
1663.13599
1663.13599
1663.13599
1727.36899
1727.36899
1727.36899
1727.36899
1727.36899
1727.36899
1767.10999
1767.10999
1767.10999
1767.10999
1767.10999
1767.10999
1767.10999
1767.10999
1767.10999
1767.10999
1767.10999
1767.10999
1767.10999
1767.10999
1767.10999
1796.39499
1796.39499
1796.39499
1857.58699
1888.72799
1939.40499
1939.40499
1939.40499
1939.40499
1939.40499
1939.40499
1939.40499
1939.40499
1939.40499
1939.40499
1939.40499
1998.45299
1998.45299
1998.45299
1998.45299
1998.45299
2034.80699
2135.15099
2135.15099
2152.55433
2223.65433
2305.32133
2305.32133
2369.19033
2369.19033
2369.19033
2369.19033
2617.85533
2617.85533
2617.85533
2617.85533
2617.85533
2617.85533
2617.85533
2617.85533
2723.73733
2723.73733
2723.73733
2923.73733
3181.72173
3181.72173
3181.72173
3181.72173
3181.72173
3181.72173
3181.72173
3181.72173
3181.72173
3181.72173
3181.72173
3181.72173
3181.72173
3181.72173
3181.72173
3181.72173
3181.72173
3181.72173
3181.72173
3181.72173
3181.72173
3181.72173
3181.72173
3181.72173
3181.72173
3181.72173
3181.72173
3181.72173
3181.72173
3181.72173
3181.72173
3181.72173
3181.72173
3181.72173
3181.72173
3181.72173
3181.72173
3181.72173
3181.72173
3181.72173
3181.72173
3181.72173
3181.72173
3181.72173
3181.72173
3181.72173
3181.72173
3181.72173
3181.72173
3181.72173
3181.72173
3181.72173
3181.72173
3181.72173
3181.72173
3181.72173
3181.72173
3181.72173
3181.72173
3181.72173
3181.72173
3181.72173
3181.72173
3181.72173
3181.72173
3181.72173
3181.72173
3181.72173
3181.72173
3181.72173
3181.72173
3181.72173
3181.72173
3181.72173
3181.72173
3181.72173
3181.72173
3181.72173
3181.72173
3181.72173
3181.72173
3181.72173
3181.72173
3181.72173
3181.72173
3181.72173
3181.72173
3181.72173
3181.72173
3181.72173
3181.72173
3181.72173
3181.72173
3181.72173
3181.72173
3181.72173
3181.72173
3181.72173
3181.72173
3181.72173
3181.72173
3181.72173
3181.72173
3181.72173
3181.72173
3181.72173
3181.72173
3181.72173
3181.72173
3181.72173
3181.72173
3181.72173
3181.72173
3181.72173
3181.72173
3181.72173
3181.72173
3181.72173
3181.72173
3181.72173
3181.72173
3181.72173
3181.72173
3181.72173
3181.72173
3181.72173
3181.72173
3181.72173
3181.72173
3181.72173
3181.72173
3181.72173
3181.72173
3181.72173
3181.72173
3181.72173
3181.72173
