3.5527136788e-13
3.5527136788e-13
3.5527136788e-13
3.5527136788e-13
3.5527136788e-13
3.5527136788e-13
3.5527136788e-13
3.5527136788e-13
3.5527136788e-13
3.5527136788e-13
3.5527136788e-13
3.5527136788e-13
3.5527136788e-13
3.5527136788e-13
3.5527136788e-13
3.5527136788e-13
3.5527136788e-13
3.5527136788e-13
3.5527136788e-13
3.5527136788e-13
3.5527136788e-13
3.5527136788e-13
3.5527136788e-13
3.5527136788e-13
3.5527136788e-13
3.5527136788e-13
3.5527136788e-13
3.5527136788e-13
3.5527136788e-13
3.5527136788e-13
3.5527136788e-13
3.5527136788e-13
3.5527136788e-13
0.0
0.0
0.0
4.08
4.08
4.08
4.08
4.08
4.08
6.68
6.68
6.68
6.68
6.68
28.624
28.624
28.624
58.3005109114
58.3005109114
58.3005109114
58.3005109114
58.3005109114
58.3005109114
91.8820511512
91.8820511512
91.8820511514
91.8820511514
91.8820511514
91.8820511514
91.8820511514
119.613051151
119.613051151
119.613051151
119.613051151
195.380890581
195.380890581
195.380890581
195.380890581
205.230340307
205.230340307
262.857340307
262.857340307
262.857340307
264.180480444
264.180480444
264.180480444
360.08329941
360.08329941
360.08329941
378.596410643
398.452410643
452.851410643
452.851410643
547.853410643
547.853410643
547.853410643
547.853410643
547.853410643
587.614768251
587.614768251
587.614768251
687.958768251
687.958768251
687.958768251
809.787420062
1000.72552006
1000.72552006
1000.72552006
1000.72552006
1210.54952006
1210.54952006
1210.54952006
1210.73248006
1210.73248006
1210.73248006
1210.73248006
1210.73248006
1210.73248006
1210.73248006
1212.86588006
1212.86588006
1212.86588006
1346.60422006
1346.60422006
1346.60422006
1346.60422006
1593.34022006
1593.34022006
1593.34022006
1593.34022006
1593.34022006
1790.29222006
1790.29222006
1790.29222006
1790.29222006
1837.30958656
1839.14958656
1922.78913684
1922.78913684
1922.78913684
1922.78913684
1922.78913684
1922.78913684
1922.78913684
1922.78913684
1922.78913684
1922.78913684
1922.78913684
2008.92013684
2008.92013684
2008.92013684
2008.92013684
2008.92013684
2008.92013684
2008.92013684
2008.92013684
2032.75513684
2032.75513684
2034.80269588
2084.87269588
2110.96769588
2110.96769588
2110.96769588
2110.96769588
2110.96769588
2110.96769588
2110.96769588
2110.96769588
2110.96769588
2110.96769588
2110.96769588
2110.96769588
2165.17176976
2198.27567976
2203.23002453
2203.23002453
2203.23002453
2253.87510502
2253.87510502
2253.87510502
2253.87510502
2253.87510502
2253.87510502
2253.87510502
2253.87510502
2253.87510502
2253.87510502
2253.87510502
2253.87510502
2253.87510502
2253.87510502
2436.72440502
2436.72440502
2436.72440502
2436.72440502
2436.72440502
2436.72440502
2571.36069049
2571.36069049
2571.36069049
2571.36069049
2571.36069049
2571.36069049
2571.36069049
2716.31861117
2716.31861117
2716.31861117
2716.31861117
2716.31861117
2786.47761117
2786.47761117
2817.97428403
2817.97428403
2817.97428403
2817.97428403
2817.97428403
2817.97428403
2817.97428403
2817.97428403
2817.97428403
2817.97428403
2817.97428403
2817.97428403
2817.97428403
2817.97428403
2817.97428403
2817.97428403
2817.97428403
2960.97628403
2960.97628403
2960.97628403
3108.82140403
3108.82140403
3108.82140403
3108.82140403
3108.82140403
3108.82140403
3108.82140403
3108.82140403
3108.82140403
3108.82140403
3108.82140403
3108.82140403
3108.82140403
3108.82140403
3108.82140403
3181.72173
3181.72173
3181.72173
3181.72173
3181.72173
3181.72173
3181.72173
3181.72173
3181.72173
3181.72173
3181.72173
3181.72173
3181.72173
3181.72173
3181.72173
3181.72173
3181.72173
3181.72173
3181.72173
3181.72173
3181.72173
3181.72173
3181.72173
3181.72173
3181.72173
3181.72173
3181.72173
3181.72173
3181.72173
3181.72173
3181.72173
3181.72173
3181.72173
3181.72173
3181.72173
3181.72173
3181.72173
3181.72173
3181.72173
3181.72173
3181.72173
3181.72173
3181.72173
3181.72173
3181.72173
3181.72173
3181.72173
3181.72173
3181.72173
3181.72173
3181.72173
3181.72173
3181.72173
3181.72173
3181.72173
3181.72173
3181.72173
3181.72173
3181.72173
3181.72173
3181.72173
3181.72173
3181.72173
3181.72173
3181.72173
3181.72173
3181.72173
3181.72173
3181.72173
3181.72173
3181.72173
3181.72173
3181.72173
3181.72173
3181.72173
3181.72173
3181.72173
3181.72173
3181.72173
3181.72173
3181.72173
3181.72173
3181.72173
3181.72173
3181.72173
3181.72173
3181.72173
3181.72173
3181.72173
3181.72173
3181.72173
3181.72173
3181.72173
3181.72173
3181.72173
3181.72173
3181.72173
3181.72173
3181.72173
3181.72173
3181.72173
3181.72173
3181.72173
3181.72173
3181.72173
3181.72173
3181.72173
3181.72173
3181.72173
3181.72173
3181.72173
3181.72173
3181.72173
3181.72173
3181.72173
3181.72173
3181.72173
3181.72173
3181.72173
3181.72173
3181.72173
