-31.8172173
-31.8172173
-31.8172173
-31.8172173
-31.8172173
-31.8172173
-31.8172173
-31.8172173
-31.8172173
-31.8172173
-31.8172173
-31.8172173
-31.8172173
-31.8172173
-31.8172173
-31.8172173
-31.8172173
-31.8172173
-31.8172173
-31.8172173
-31.8172173
-31.8172173
-31.8172173
-31.8172173
-31.8172173
-31.8172173
-31.5227873
-31.5227873
-31.5227873
-31.4990202107
-31.4990202107
-31.4990202107
-31.4990202107
-31.4990202107
-31.3008902107
-30.3008902107
-30.3008902107
-30.3008902107
-30.3008902107
-30.1745444864
-29.6653644864
-29.6653644864
-29.6653644864
-29.6653644864
-29.6653644864
-29.6653644864
-29.6653644864
-29.4459244864
-29.4459244864
-29.4459244864
-29.4459244864
-29.4459244864
-29.0537673
-29.0537673
-29.0537673
-29.0537673
-28.8549073
-28.8549073
-28.8549073
-28.8549073
-28.5063273
-27.6135133
-27.6135133
-27.6135133
-27.6135133
-27.2302133
-27.2302133
-27.2302133
-27.2302133
-27.2302133
-27.2302133
-27.2302133
-27.2302133
-26.6397333
-26.6397333
-26.6397333
-26.6397333
-26.6397333
-26.6397333
-26.6397333
-26.6397333
-26.6397333
-26.6397333
-26.6397333
-26.6397333
-26.6397333
-26.6397333
-26.6397333
-26.6397333
-26.6397333
-26.6397333
-26.5170933
-26.258999795
-26.258999795
-25.715009795
-25.715009795
-25.715009795
-25.326699795
-25.326699795
-25.326699795
-25.326699795
-25.326699795
-25.326699795
-25.326699795
-25.326699795
-25.326699795
-25.326699795
-25.326699795
-24.843919795
-24.843919795
-24.843919795
-24.843919795
-24.843919795
-24.843919795
-24.843919795
-24.5022672
-24.5022672
-24.5022672
-24.5022672
-24.5022672
-24.5022672
-24.5022672
-24.5022672
-24.5022672
-24.5022672
-23.4873772
-23.4873772
-23.4873772
-23.0201372
-22.9319719176
-22.0762419176
-21.6650819176
-21.6650819176
-21.6650819176
-21.350634705
-21.350634705
-21.350634705
-21.350634705
-20.656654705
-20.656654705
-20.656654705
-20.656654705
-20.656654705
-19.298534705
-19.298534705
-19.298534705
-19.0949040258
-19.0949040258
-19.0949040258
-19.0949040258
-18.9428011911
-18.9428011911
-18.9428011911
-18.5012111911
-18.5012111911
-18.0233911911
-17.1774888703
-16.9159988703
-16.9159988703
-16.9159988703
-16.9159988703
-16.9159988703
-16.9159988703
-15.5713976703
-15.5713976703
-15.5406072653
-15.5406072653
-13.5016338653
-13.5016338653
-13.5016338653
-13.5016338653
-13.5016338653
-13.5016338653
-13.5016338653
-13.5016338653
-12.0830142703
-11.9025442703
-11.2762442703
-11.2762442703
-11.2762442703
-11.2762442703
-11.2762442703
-11.2762442703
-9.88712427026
-9.88712427026
-9.88712427026
-8.88712427026
-8.88712427026
-8.88712427026
-8.19388427026
-8.19388427026
-8.19388427026
-7.19388427028
-6.95074710498
-6.95074710498
-6.95074710498
-6.95074710498
-6.95074710498
-6.95074710498
-6.95074710498
-6.95074710498
-6.42673750496
-6.42673750496
-6.42673750496
-4.42673750498
-4.42673750498
-4.42673750498
-4.42673750498
-4.42673750498
-4.42673750498
-4.42673750498
-4.42673750498
-4.42673750498
-3.84713750498
-3.84713750498
-3.84713750498
-3.84713750498
-3.84713750498
-3.84713750498
-3.84713750498
-3.84713750498
-3.84713750498
-3.84713750498
-3.84713750498
-3.84713750498
-3.84713750498
-3.84713750498
-3.84713750498
-3.84713750498
-3.84713750498
-3.84713750498
-3.84713750498
-3.84713750498
-3.84713750498
-3.84713750498
-3.84713750498
-3.79792950498
-2.79792950498
-2.79792950498
-2.79792950498
-2.79792950498
-2.79792950498
-2.51583
-2.51583
-2.51583
-0.4204
-0.4204
-0.4204
-0.4204
-0.4204
-0.4204
-0.4204
-0.4204
-0.4204
-0.4204
-0.4204
-0.4204
0
0
0
0
0
0
0
0
0
0
0
0
0
0
0
0
0
0
0
0
0
0
0
0
0
0
0
0
0
0
0
0
0
0
0
0
0
0
0
0
0
0
0
0
0
0
0
0
0
0
0
0
0
0
0
0
0
0
0
0
0
0
0
0
0
0
0
0
0
0
0
0
0
0
0
0
0
0
0
0
0
0
0
0
0
0
0
0
0
0
0
0
0
0
0
0
0
0
0
0
0
0
0
