-31.8172173
-31.6190873
-31.6190873
-31.6190873
-31.3246573
-31.3246573
-31.3246573
-31.3246573
-31.3246573
-31.3246573
-31.3246573
-31.3246573
-31.3246573
-31.3246573
-31.3246573
-31.3246573
-31.3246573
-30.7864473
-30.7864473
-30.7864473
-29.8783783
-29.8783783
-29.8783783
-29.8783783
-29.8783783
-29.8783783
-29.8783783
-29.8783783
-29.8783783
-29.8783783
-29.8783783
-29.0417573
-29.0417573
-29.0417573
-29.0417573
-29.0417573
-28.8750873
-28.8750873
-28.8750873
-28.8750873
-28.8750873
-28.8750873
-28.8750873
-28.8750873
-28.8750873
-28.8750873
-28.8750873
-28.8750873
-28.8750873
-28.8750873
-28.8750873
-28.8750873
-28.8750873
-28.8750873
-28.8750873
-28.8750873
-28.8750873
-28.8750873
-28.8750873
-28.8750873
-28.3923073
-28.3923073
-28.3923073
-28.3923073
-28.3923073
-28.3923073
-28.3923073
-28.3923073
-28.3923073
-28.3923073
-28.3923073
-28.3923073
-28.3923073
-28.3923073
-28.3923073
-28.3923073
-28.3923073
-28.3923073
-28.3923073
-28.3923073
-27.3923073
-26.4841677
-26.4841677
-26.4841677
-26.4841677
-26.4841677
-26.4841677
-26.4841677
-26.4841677
-26.4841677
-26.4581677
-26.4581677
-26.4581677
-26.419169554
-26.419169554
-26.419169554
-26.140858354
-26.140858354
-26.140858354
-26.140858354
-26.140858354
-26.140858354
-25.589698354
-25.5771567562
-25.5771567562
-25.5771567562
-25.5771567562
-25.3110967562
-25.3110967562
-25.3110967562
-24.914528354
-24.805758354
-24.805758354
-24.805758354
-24.805758354
-24.805758354
-24.805758354
-23.367430354
-23.367430354
-23.367430354
-23.029910354
-22.797390354
-22.797390354
-22.797390354
-22.702832354
-22.702832354
-22.702832354
-22.533122354
-22.533122354
-22.041222354
-22.041222354
-21.156323354
-20.2272460085
-19.8191060085
-19.8191060085
-19.8191060085
-19.4991460085
-19.4991460085
-18.6243360085
-18.6243360085
-18.6243360085
-18.5291060085
-18.5291060085
-18.5291060085
-18.5291060085
-18.5291060085
-17.5708604
-17.5708604
-16.8616084
-16.8616084
-16.8616084
-16.8616084
-16.8616084
-15.1858574
-15.1858574
-15.1858574
-15.1858574
-15.1858574
-14.5435274
-14.5435274
-14.5435274
-14.5435274
-14.5435274
-14.5435274
-14.1461174
-14.1461174
-14.1461174
-14.1461174
-14.1461174
-14.1461174
-14.1461174
-14.1461174
-14.1461174
-14.1461174
-14.1461174
-14.1461174
-14.1461174
-14.1461174
-14.1461174
-13.8532674
-13.8532674
-13.8532674
-13.2413474
-12.9299374
-12.4231674
-12.4231674
-12.4231674
-12.4231674
-12.4231674
-12.4231674
-12.4231674
-12.4231674
-12.4231674
-12.4231674
-12.4231674
-11.8326874
-11.8326874
-11.8326874
-11.8326874
-11.8326874
-11.4691474
-10.4657074
-10.4657074
-10.291674
-9.580674
-8.764004
-8.764004
-8.125314
-8.125314
-8.125314
-8.125314
-5.638664
-5.638664
-5.638664
-5.638664
-5.638664
-5.638664
-5.638664
-5.638664
-4.579844
-4.579844
-4.579844
-2.579844
0
0
0
0
0
0
0
0
0
0
0
0
0
0
0
0
0
0
0
0
0
0
0
0
0
0
0
0
0
0
0
0
0
0
0
0
0
0
0
0
0
0
0
0
0
0
0
0
0
0
0
0
0
0
0
0
0
0
0
0
0
0
0
0
0
0
0
0
0
0
0
0
0
0
0
0
0
0
0
0
0
0
0
0
0
0
0
0
0
0
0
0
0
0
0
0
0
0
0
0
0
0
0
0
0
0
0
0
0
0
0
0
0
0
0
0
0
0
0
0
0
0
0
0
0
0
0
0
0
0
0
0
0
0
0
0
0
