2545.377384
2545.377384
2545.377384
2545.377384
2545.377384
2545.377384
2545.377384
2545.377384
2545.377384
2545.377384
2545.377384
2545.377384
2545.377384
2545.377384
2545.377384
2545.377384
2562.810584
2562.810584
2563.330584
2563.330584
2563.330584
2563.330584
2563.330584
2563.330584
2563.330584
2563.330584
2563.330584
2563.330584
2563.330584
2563.330584
2563.367176
2563.367176
2563.367176
2563.367176
2563.367176
2563.367176
2563.367176
2563.367176
2563.367176
2563.367176
2563.367176
2563.367176
2563.367176
2563.367176
2563.367176
2563.367176
2563.367176
2574.246976
2574.246976
2574.246976
2574.246976
2574.246976
2574.246976
2574.246976
2574.246976
2574.351044
2574.351044
2574.351044
2574.351044
2574.351044
2574.351044
2574.351044
2610.024324
2610.024324
2610.024324
2610.024324
2610.024324
2627.138924
2627.138924
2627.138924
2627.138924
2649.298324
2649.298324
2649.298324
2649.298324
2649.298324
2649.298324
2649.298324
2649.298324
2649.298324
2649.298324
2649.298324
2649.298324
2649.298324
2649.298324
2649.298324
2649.298324
2649.298324
2649.298324
2649.298324
2649.298324
2649.298324
2649.298324
2649.298324
2649.298324
2649.298324
2649.298324
2649.298324
2649.298324
2649.298324
2649.298324
2649.298324
2649.298324
2649.298324
2649.298324
2657.246524
2660.200724
2660.200724
2660.200724
2660.200724
2660.200724
2660.200724
2660.200724
2660.200724
2660.200724
2660.200724
2660.200724
2660.200724
2660.200724
2660.200724
2660.200724
2687.883324
2687.883324
2687.883324
2687.883324
2693.350524
2693.350524
2693.350524
2693.350524
2693.350524
2694.166524
2694.166524
2694.166524
2694.166524
2694.166524
2712.557724
2718.446324
2718.446324
2743.783184
2753.966784
2753.966784
2753.966784
2753.966784
2753.966784
2753.966784
2753.966784
2753.966784
2753.966784
2765.126584
2765.126584
2765.126584
2765.126584
2765.126584
2783.633184
2783.633184
2788.508384
2788.508384
2828.527784
2828.527784
2828.527784
2836.293984
2836.293984
2836.293984
2840.265184
2840.265184
2840.265184
2840.265184
2840.265184
2840.265184
2840.265184
2840.265184
2840.265184
2894.556984
2894.556984
2894.556984
2894.556984
2894.556984
2943.045306
2943.045306
2943.045306
2981.218906
2988.261506
2993.885706
2993.885706
2993.885706
2993.885706
2993.885706
2993.885706
3036.774906
3036.774906
3036.774906
3121.722106
3121.722106
3121.722106
3121.722106
3121.722106
3121.722106
3121.722106
3181.72173
3181.72173
3181.72173
3181.72173
3181.72173
3181.72173
3181.72173
3181.72173
3181.72173
3181.72173
3181.72173
3181.72173
3181.72173
3181.72173
3181.72173
3181.72173
3181.72173
3181.72173
3181.72173
3181.72173
3181.72173
3181.72173
3181.72173
3181.72173
3181.72173
3181.72173
3181.72173
3181.72173
3181.72173
3181.72173
3181.72173
3181.72173
3181.72173
3181.72173
3181.72173
3181.72173
3181.72173
3181.72173
3181.72173
3181.72173
3181.72173
3181.72173
3181.72173
3181.72173
3181.72173
3181.72173
3181.72173
3181.72173
3181.72173
3181.72173
3181.72173
3181.72173
3181.72173
3181.72173
3181.72173
3181.72173
3181.72173
3181.72173
3181.72173
3181.72173
3181.72173
3181.72173
3181.72173
3181.72173
3181.72173
3181.72173
3181.72173
3181.72173
3181.72173
3181.72173
3181.72173
3181.72173
3181.72173
3181.72173
3181.72173
3181.72173
3181.72173
3181.72173
3181.72173
3181.72173
3181.72173
3181.72173
3181.72173
3181.72173
3181.72173
3181.72173
3181.72173
3181.72173
3181.72173
3181.72173
3181.72173
3181.72173
3181.72173
3181.72173
3181.72173
3181.72173
3181.72173
3181.72173
3181.72173
3181.72173
3181.72173
3181.72173
3181.72173
3181.72173
3181.72173
3181.72173
3181.72173
3181.72173
3181.72173
3181.72173
3181.72173
3181.72173
3181.72173
3181.72173
3181.72173
3181.72173
3181.72173
3181.72173
3181.72173
3181.72173
3181.72173
3181.72173
3181.72173
3181.72173
3181.72173
3181.72173
3181.72173
3181.72173
3181.72173
3181.72173
3181.72173
3181.72173
3181.72173
3181.72173
3181.72173
3181.72173
3181.72173
3181.72173
3181.72173
3181.72173
3181.72173
3181.72173
3181.72173
3181.72173
3181.72173
3181.72173
3181.72173
3181.72173
3181.72173
3181.72173
3181.72173
3181.72173
3181.72173
3181.72173
3181.72173
3181.72173
3181.72173
3181.72173
3181.72173
3181.72173
3181.72173
3181.72173
