-31.8172173
-31.8172173
-31.8172173
-31.8172173
-31.8172173
-31.8172173
-31.8172173
-31.8172173
-31.8172173
-31.8172173
-31.8172173
-31.8172173
-31.8172173
-31.8172173
-30.9614873
-30.9614873
-30.9614873
-30.9614873
-30.9614873
-30.9614873
-30.9614873
-30.9614873
-30.9614873
-30.9614873
-30.9614873
-30.9614873
-30.2254673
-30.2254673
-30.2037977745
-30.2037977745
-30.2037977745
-30.2037977745
-30.2037977745
-30.2037977745
-30.2037977745
-30.2037977745
-30.2037977745
-30.1923503777
-30.1923503777
-29.7735577745
-29.7735577745
-29.7735577745
-29.7735577745
-29.4886577745
-29.4886577745
-29.4837065745
-29.4837065745
-29.4837065745
-29.4837065745
-29.4837065745
-29.4837065745
-29.4837065745
-29.4837065745
-29.4837065745
-29.4837065745
-29.4837065745
-29.4837065745
-29.4837065745
-29.4837065745
-29.4837065745
-28.9041065745
-28.9041065745
-28.9041065745
-28.9041065745
-28.9041065745
-28.3278365745
-28.3278365745
-28.3278365745
-28.3278365745
-27.8568666993
-27.6300478663
-27.6300478663
-27.6300478663
-27.6300478663
-27.6300478663
-27.4324288301
-27.4324288301
-26.9805082309
-26.9805082309
-26.9805082309
-26.9805082309
-26.9805082309
-26.9805082309
-26.6812782309
-26.6812782309
-26.6812782309
-26.6812782309
-26.1257386364
-26.1257386364
-24.2254599516
-24.2254599516
-24.2254599516
-24.2254599516
-24.2254599516
-24.2254599516
-24.2254599516
-24.2254599516
-24.2254599516
-24.2254599516
-24.2254599516
-23.7503390739
-23.5231516115
-23.5231516115
-22.8752816115
-22.2318716115
-22.2318716115
-22.2318716115
-21.5840016115
-20.946525846
-20.616805846
-20.1146699631
-20.0332699631
-20.0332699631
-20.0332699631
-20.0332699631
-19.9713799631
-19.2791621171
-19.151822517
-19.151822517
-19.151822517
-19.151822517
-18.378582517
-18.337782517
-18.337782517
-18.297612517
-18.221468517
-18.221468517
-18.221468517
-18.221468517
-18.221468517
-18.221468517
-18.221468517
-17.92919458
-17.92919458
-17.906170463
-17.906170463
-17.594760463
-17.594760463
-17.594760463
-17.362240463
-17.362240463
-17.362240463
-17.362240463
-17.362240463
-17.336240463
-17.336240463
-17.336240463
-17.336240463
-17.336240463
-17.336240463
-17.336240463
-17.336240463
-17.336240463
-17.336240463
-17.336240463
-17.336240463
-16.858420463
-16.858420463
-16.858420463
-14.909727463
-14.909727463
-14.726397463
-14.726397463
-14.726397463
-14.726397463
-13.9370931835
-13.9370931835
-13.9370931835
-13.0752131835
-13.0752131835
-13.0752131835
-12.5530331835
-12.5530331835
-12.2796731835
-12.2796731835
-12.2796731835
-11.6750231835
-11.6750231835
-11.6750231835
-11.2796731835
-11.2796731835
-11.2796731835
-10.7501431835
-10.7501431835
-10.7501431835
-10.7501431835
-10.7501431835
-10.7501431835
-10.7501431835
-10.7501431835
-10.7501431835
-10.7501431835
-10.7009351835
-10.3663492453
-9.73207924525
-9.73207924525
-9.73207924525
-9.72687584525
-8.69984972479
-8.69984972479
-8.69984972479
-8.69984972479
-8.69984972479
-8.69984972479
-8.00492
-8.00492
-8.00492
-8.00492
-7.29858
-7.29858
-7.29858
-7.29858
-7.29858
-7.29858
-7.29858
-5.73936
-5.73936
-5.73936
-5.73936
-5.73936
-5.73936
-5.73936
-3.36644
-3.36644
-3.36644
-3.36644
-3.36644
-3.36644
-3.36644
-3.36644
-3.36644
-3.36644
-3.36644
-3.36644
-3.36644
-3.36644
-3.07278
-3.07278
-3.07278
-3.07278
-3.07278
-3.07278
-3.07278
0
0
0
0
0
0
0
0
0
0
0
0
0
0
0
0
0
0
0
0
0
0
0
0
0
0
0
0
0
0
0
0
0
0
0
0
0
0
0
0
0
0
0
0
0
0
0
0
0
0
0
0
0
0
0
0
0
0
0
0
0
0
0
0
0
0
0
0
0
0
0
0
0
0
0
0
0
0
0
0
0
0
0
0
0
0
0
0
0
0
0
0
0
0
0
0
0
0
0
0
0
0
0
0
0
0
0
0
0
0
0
0
0
0
0
0
0
