-31.8172173
-31.8172173
-31.8172173
-31.8172173
-31.8172173
-31.8172173
-31.8172173
-31.8172173
-31.8172173
-31.8172173
-31.6190873
-31.6190873
-31.6190873
-31.6190873
-31.6190873
-31.6190873
-31.6190873
-31.6190873
-31.6190873
-31.6190873
-31.6190873
-31.6190873
-31.6190873
-31.6190873
-31.6190873
-31.5782873
-31.5782873
-31.5782873
-31.5782873
-31.5782873
-31.5782873
-31.5782873
-31.5667173
-31.5667173
-31.5667173
-31.5667173
-31.5667173
-31.5667173
-31.3458673
-31.3458673
-31.3458673
-31.3458673
-30.4901373
-30.4901373
-30.4901373
-30.4901373
-30.4901373
-30.4901373
-30.4901373
-30.4901373
-30.4901373
-30.4901373
-30.4901373
-30.4901373
-30.4901373
-30.4901373
-30.4901373
-30.4827739175
-30.4827739175
-30.4827739175
-30.4827739175
-30.4827739175
-30.4827739175
-30.4827739175
-30.4827739175
-30.4827739175
-30.4827739175
-30.4827739175
-30.4827739175
-30.4827739175
-30.4827739175
-30.4827739175
-30.4827739175
-30.4827739175
-29.5073383
-29.5073383
-29.1436089236
-28.8662989236
-28.8662989236
-28.8662989236
-28.8662989236
-28.8662989235
-28.8662989235
-28.1595055235
-28.1595055235
-27.6679255235
-27.6679255235
-27.1539155235
-27.1539155235
-27.1539155235
-27.1539155235
-27.1539155235
-27.1539155235
-27.0777715235
-26.6666115235
-26.6666115236
-26.6666115236
-26.6666115236
-26.6666115236
-26.6666115236
-26.6666115236
-26.6666115236
-26.6666115236
-26.6666115236
-26.6666115236
-26.6666115236
-26.6666115236
-26.6666115236
-25.8471915236
-24.8092728668
-24.3663538668
-24.3663538668
-24.3663538668
-24.3663538668
-24.3663538668
-24.3663538668
-24.3663538668
-24.3663538668
-24.3663538668
-24.3663538668
-24.3663538668
-24.3663538668
-23.5026638668
-23.3283158673
-22.9163458673
-21.4654958673
-21.4654958672
-21.4654958672
-20.9563158672
-20.9563158672
-20.9563158672
-20.9563158672
-20.9563158672
-20.9563158672
-20.9071078672
-20.6962068672
-18.3004068672
-18.3004068672
-18.3004068672
-18.0821095149
-18.0821095149
-18.0821095149
-18.0821095149
-17.2507595149
-17.2507595149
-17.2507595149
-17.2507595149
-15.0365389004
-13.1396889004
-12.9610959004
-12.9610959004
-12.3057747004
-11.5679347004
-11.3057747004
-10.5545717004
-10.5545717004
-10.5545717004
-10.5545717004
-10.5545717004
-10.5545717004
-10.5545717004
-10.5545717004
-10.5545717004
-10.5545717004
-8.6037797
-8.6037797
-8.6037797
-8.6037797
-8.6037797
-8.6037797
-8.6037797
-8.6037797
-8.6037797
-8.6037797
-8.6037797
-8.17722970001
-8.17722970001
-8.17722970001
-8.17722970001
-8.17722970001
-8.17722970001
-8.17722970001
-8.17722970001
-8.17722970001
-8.17722970001
-7.59947970001
-7.33731970001
-7.33731970001
-7.33731970001
-7.33731970001
-7.33731970001
-7.33731970001
-7.33731970001
-7.33731970001
-7.33731970001
-7.33731970001
-7.33731970001
-7.33731970001
-7.33731970001
-7.33731970001
-7.33731970001
-7.33731970001
-7.33731970001
-7.33731970001
-7.33731970001
-7.33731970001
-7.33731970001
-7.33731970001
-7.33731970001
-6.68127970001
-6.68127970001
-6.68127970001
-6.68127970001
-6.68127970001
-6.68127970001
-6.68127970001
-6.68127970001
-5.0389506
-5.0389506
-5.0389506
-4.6308106
-4.6308106
-4.6308106
-4.6308106
-4.5220406
-4.5220406
-4.5220406
-4.1598206
-4.1598206
-4.1598206
-4.1598206
-4.1598206
-4.1598206
-4.1598206
-1.8435006
-1.8435006
-1.8435006
-1.8435006
-1.8435006
-1.8435006
-1.8435006
-1.8435006
-1.5955006
-1.5955006
-1.5955006
-1.5955006
-1.5955006
-1.0
0
0
0
0
0
0
0
0
0
0
0
0
0
0
0
0
0
0
0
0
0
0
0
0
0
0
0
0
0
0
0
0
0
0
0
0
0
0
0
0
0
0
0
0
0
0
0
0
0
0
0
0
0
0
0
0
0
0
0
0
0
0
0
0
0
0
0
0
0
0
0
0
0
0
0
0
0
0
0
0
0
0
0
0
0
0
0
0
0
0
0
0
0
0
0
0
0
0
0
0
0
0
0
0
0
0
0
0
0
0
0
0
