-6.36344346
-6.36344346
-6.36344346
-6.36344346
-6.36344346
-6.36344346
-6.36344346
-6.36344346
-6.36344346
-6.36344346
-6.36344346
-6.36344346
-6.36344346
-6.36344346
-6.36344346
-6.36344346
-6.18911146
-6.18911146
-6.18391146
-6.18391146
-6.18391146
-6.18391146
-6.18391146
-6.18391146
-6.18391146
-6.18391146
-6.18391146
-6.18391146
-6.18391146
-6.18391146
-6.18354554
-6.18354554
-6.18354554
-6.18354554
-6.18354554
-6.18354554
-6.18354554
-6.18354554
-6.18354554
-6.18354554
-6.18354554
-6.18354554
-6.18354554
-6.18354554
-6.18354554
-6.18354554
-6.18354554
-6.07474754
-6.07474754
-6.07474754
-6.07474754
-6.07474754
-6.07474754
-6.07474754
-6.07474754
-6.07370686
-6.07370686
-6.07370686
-6.07370686
-6.07370686
-6.07370686
-6.07370686
-5.71697406
-5.71697406
-5.71697406
-5.71697406
-5.71697406
-5.54582806
-5.54582806
-5.54582806
-5.54582806
-5.32423406
-5.32423406
-5.32423406
-5.32423406
-5.32423406
-5.32423406
-5.32423406
-5.32423406
-5.32423406
-5.32423406
-5.32423406
-5.32423406
-5.32423406
-5.32423406
-5.32423406
-5.32423406
-5.32423406
-5.32423406
-5.32423406
-5.32423406
-5.32423406
-5.32423406
-5.32423406
-5.32423406
-5.32423406
-5.32423406
-5.32423406
-5.32423406
-5.32423406
-5.32423406
-5.32423406
-5.32423406
-5.32423406
-5.32423406
-5.24475206
-5.21521006
-5.21521006
-5.21521006
-5.21521006
-5.21521006
-5.21521006
-5.21521006
-5.21521006
-5.21521006
-5.21521006
-5.21521006
-5.21521006
-5.21521006
-5.21521006
-5.21521006
-4.93838406
-4.93838406
-4.93838406
-4.93838406
-4.88371206
-4.88371206
-4.88371206
-4.88371206
-4.88371206
-4.87555206
-4.87555206
-4.87555206
-4.87555206
-4.87555206
-4.69164006
-4.63275406
-4.63275406
-4.37938546
-4.27754946
-4.27754946
-4.27754946
-4.27754946
-4.27754946
-4.27754946
-4.27754946
-4.27754946
-4.27754946
-4.16595146
-4.16595146
-4.16595146
-4.16595146
-4.16595146
-3.98088546
-3.98088546
-3.93213346
-3.93213346
-3.53193946
-3.53193946
-3.53193946
-3.45427746
-3.45427746
-3.45427746
-3.41456546
-3.41456546
-3.41456546
-3.41456546
-3.41456546
-3.41456546
-3.41456546
-3.41456546
-3.41456546
-2.87164746
-2.87164746
-2.87164746
-2.87164746
-2.87164746
-2.38676424
-2.38676424
-2.38676424
-2.00502824
-1.93460224
-1.87836024
-1.87836024
-1.87836024
-1.87836024
-1.87836024
-1.87836024
-1.44946824
-1.44946824
-1.44946824
-0.59999624
-0.59999624
-0.59999624
-0.59999624
-0.59999624
-0.59999624
-0.59999624
0
0
0
0
0
0
0
0
0
0
0
0
0
0
0
0
0
0
0
0
0
0
0
0
0
0
0
0
0
0
0
0
0
0
0
0
0
0
0
0
0
0
0
0
0
0
0
0
0
0
0
0
0
0
0
0
0
0
0
0
0
0
0
0
0
0
0
0
0
0
0
0
0
0
0
0
0
0
0
0
0
0
0
0
0
0
0
0
0
0
0
0
0
0
0
0
0
0
0
0
0
0
0
0
0
0
0
0
0
0
0
0
0
0
0
0
0
0
0
0
0
0
0
0
0
0
0
0
0
0
0
0
0
0
0
0
0
0
0
0
0
0
0
0
0
0
0
0
0
0
0
0
0
0
0
0
0
0
0
0
0
0
