678.917250578
678.917250578
678.917250578
718.917250578
718.917250578
718.917250578
718.917250578
718.917250578
758.917250578
773.695725366
773.695725366
796.934806443
830.730020513
858.363785819
858.363785819
858.363785819
858.363785819
898.172667314
898.172667314
898.172679896
898.172679896
899.969618046
899.969618046
899.969618046
899.969618046
899.969618046
899.969618046
899.969618046
909.562627999
945.108427722
945.108427722
945.108427722
946.115315198
950.746122319
981.939620041
981.939620041
1006.28309485
1006.59429215
1021.16521003
1056.50447886
1096.50447886
1096.50447886
1096.50447886
1116.38229121
1116.38229121
1116.38229121
1116.38229121
1153.11827831
1153.11827831
1198.69127831
1208.15227831
1228.00769746
1228.00769746
1228.00769746
1228.00769746
1228.00769746
1237.36997218
1237.36997218
1237.36997218
1237.36997218
1237.36997218
1237.36997218
1237.36997218
1276.07935961
1276.07935961
1277.91935961
1277.91935961
1315.11771499
1315.11771499
1333.48012957
1352.43679995
1352.43679995
1352.43679995
1380.68741392
1411.45281349
1411.45281349
1411.45281349
1430.40041822
1431.75681875
1431.75681875
1433.62305802
1433.62305802
1433.62305802
1433.62305802
1473.62305802
1495.08950199
1522.3290698
1522.3290698
1522.3290698
1522.3290698
1530.96079268
1530.96079268
1570.96079268
1570.96079268
1570.96079268
1570.96079268
1609.60681908
1609.60681908
1611.74021908
1643.78510361
1678.47083935
1752.66831731
1752.66831731
1764.86249527
1819.63944217
1819.63944217
1819.63944217
1819.63944217
1819.63944217
1819.63944217
1847.12497631
1847.12497631
1847.12497631
1847.12497631
1847.12497631
1884.4077134
1884.4077134
1884.4077134
1884.4077134
1884.4077134
1884.4077134
1884.4077134
1884.4077134
1920.66970621
1923.61782292
1923.61782292
1926.91713175
1926.91713175
2096.41213175
2096.41213175
2132.23382387
2204.75749024
2204.75749024
2204.75749024
2248.91649024
2325.2433734
2325.2433734
2325.2433734
2325.2433734
2325.2433734
2331.0263734
2331.0263734
2331.0263734
2445.2433734
2445.2433734
2445.2433734
2449.86168282
2449.86168282
2449.86168282
2449.86168282
2449.86168282
2449.86168282
2472.35348353
2472.35348353
2512.35348353
2517.55307064
2517.55307064
2517.55307064
2557.55307064
2557.55307064
2557.55307064
2597.55307064
2597.55307064
2597.55307064
2597.55307064
2597.55307064
2597.55307064
2597.55307064
2597.55307064
2597.55307064
2597.55307064
2597.55307064
2597.55307064
2617.72407064
2617.72407064
2617.72407064
2617.72407064
2617.72407064
2617.72407064
2617.72407064
2617.72407064
2617.72407064
2617.72407064
2617.72407064
2657.72407064
2657.72407064
2821.28293585
2821.28293585
2821.28293585
2841.13893585
2910.50574279
2910.50574279
2910.50574279
2910.50574279
2910.50574279
2910.50574279
2910.50574279
2910.50574279
2910.50574279
2910.50574279
2910.50574279
2910.50574279
2910.50574279
2910.50574279
2950.50574279
2950.50574279
2950.50574279
2950.50574279
2950.50574279
2950.50574279
2950.50574279
2950.50574279
2950.50574279
2950.50574279
2950.50574279
2950.50574279
2950.50574279
2950.50574279
2950.50574279
2950.50574279
2950.50574279
2950.50574279
2986.34674279
2986.34674279
2986.34674279
3011.02603877
3011.02603877
3055.71946463
3055.71946463
3063.7451376
3063.7451376
3063.7451376
3063.7451376
3063.7451376
3063.7451376
3063.7451376
3063.7451376
3063.7451376
3063.7451376
3063.7451376
3063.7451376
3063.7451376
3141.22661
3141.22661
3181.72173
3181.72173
3181.72173
3181.72173
3181.72173
3181.72173
3181.72173
3181.72173
3181.72173
3181.72173
3181.72173
3181.72173
3181.72173
3181.72173
3181.72173
3181.72173
3181.72173
3181.72173
3181.72173
3181.72173
3181.72173
3181.72173
3181.72173
3181.72173
3181.72173
3181.72173
3181.72173
3181.72173
3181.72173
3181.72173
3181.72173
3181.72173
3181.72173
3181.72173
3181.72173
3181.72173
3181.72173
3181.72173
3181.72173
3181.72173
3181.72173
3181.72173
3181.72173
3181.72173
3181.72173
3181.72173
3181.72173
3181.72173
3181.72173
3181.72173
3181.72173
3181.72173
3181.72173
3181.72173
3181.72173
3181.72173
3181.72173
3181.72173
3181.72173
3181.72173
3181.72173
3181.72173
3181.72173
3181.72173
3181.72173
3181.72173
3181.72173
3181.72173
3181.72173
3181.72173
3181.72173
3181.72173
3181.72173
3181.72173
3181.72173
3181.72173
3181.72173
3181.72173
3181.72173
3181.72173
3181.72173
3181.72173
3181.72173
3181.72173
3181.72173
3181.72173
3181.72173
3181.72173
3181.72173
3181.72173
3181.72173
3181.72173
3181.72173
3181.72173
3181.72173
3181.72173
3181.72173
3181.72173
3181.72173
3181.72173
3181.72173
3181.72173
3181.72173
3181.72173
3181.72173
3181.72173
3181.72173
3181.72173
3181.72173
3181.72173
3181.72173
3181.72173
3181.72173
3181.72173
3181.72173
3181.72173
