2863.549557
2863.549557
2863.549557
2863.549557
2863.549557
2863.549557
2863.549557
2863.549557
2863.549557
2863.549557
2863.549557
2863.549557
2863.549557
2863.549557
2863.549557
2863.549557
2863.549557
2863.549557
2863.549557
2863.549557
2863.549557
2863.549557
2863.549557
2863.549557
2863.549557
2863.549557
2863.549557
2863.549557
2863.549557
2863.549557
2863.549557
2863.549557
2863.549557
2863.549557
2863.549557
2863.549557
2863.549557
2863.549557
2863.549557
2863.549557
2868.068657
2868.068657
2868.068657
2868.068657
2868.068657
2868.068657
2868.068657
2868.068657
2877.606057
2877.606057
2877.606057
2877.606057
2879.703057
2879.703057
2879.703057
2879.703057
2879.703057
2879.703057
2880.381457
2880.381457
2880.381457
2880.381457
2880.381457
2880.381457
2880.381457
2884.630557
2884.630557
2884.630557
2885.178657
2885.586657
2885.846657
2889.447257
2889.447257
2889.447257
2889.447257
2889.447257
2889.447257
2889.447257
2898.415757
2898.415757
2898.415757
2898.415757
2901.149357
2901.149357
2901.149357
2902.816057
2902.816057
2902.816057
2902.816057
2902.816057
2902.816057
2902.816057
2902.816057
2903.63247684
2913.63247684
2930.44548097
2930.44548097
2930.44548097
2932.06148097
2932.24548097
2942.24548097
2952.24548097
2952.29240177
2962.29240177
2962.29240177
2965.52350177
2965.52350177
2965.52350177
2965.52350177
2965.52350177
2965.52350177
2965.52350177
2965.623847
2984.012547
2984.012547
2992.29224177
2992.29224177
2992.29224177
2992.29224177
3004.64474177
3004.64474177
3009.93054177
3009.93054177
3009.93054177
3009.93054177
3009.93054177
3011.58479249
3011.58479249
3011.58479249
3014.86299249
3019.52579249
3019.52579249
3019.52579249
3025.32179249
3025.32179249
3030.43644177
3030.43644177
3042.58253777
3042.58253777
3042.58253777
3053.56493777
3058.76103777
3058.76103777
3058.76103777
3058.76103777
3058.76103777
3058.76103777
3058.76103777
3058.76103777
3058.76103777
3068.76103777
3070.91278849
3078.76103777
3083.06923777
3083.06923777
3087.56687284
3087.56687284
3087.56687284
3087.56687284
3087.56687284
3087.56687284
3087.56687284
3087.56687284
3091.20227284
3091.20227284
3091.20227284
3091.20227284
3111.29067284
3111.29067284
3111.29067284
3111.29067284
3118.92407284
3118.92407284
3118.92407284
3118.92407284
3118.92407284
3122.64217284
3135.85010284
3135.85010284
3135.85010284
3135.85010284
3135.85010284
3151.435784
3151.435784
3151.435784
3151.435784
3151.435784
3151.435784
3151.435784
3151.435784
3151.435784
3151.435784
3151.435784
3151.435784
3151.435784
3151.435784
3151.435784
3151.435784
3157.096184
3157.096184
3157.096184
3157.096184
3157.096184
3157.096184
3157.096184
3157.096184
3157.096184
3157.096184
3157.096184
3157.096184
3157.096184
3157.096184
3157.096184
3157.096184
3157.096184
3157.096184
3157.096184
3157.096184
3157.096184
3159.869284
3159.869284
3159.869284
3159.869284
3159.869284
3159.869284
3159.869284
3170.542196
3170.542196
3170.542196
3170.542196
3170.542196
3170.542196
3170.542196
3170.542196
3170.542196
3170.542196
3170.542196
3170.542196
3170.542196
3170.542196
3170.542196
3170.542196
3170.542196
3170.542196
3170.542196
3170.542196
3170.542196
3181.72173
3181.72173
3181.72173
3181.72173
3181.72173
3181.72173
3181.72173
3181.72173
3181.72173
3181.72173
3181.72173
3181.72173
3181.72173
3181.72173
3181.72173
3181.72173
3181.72173
3181.72173
3181.72173
3181.72173
3181.72173
3181.72173
3181.72173
3181.72173
3181.72173
3181.72173
3181.72173
3181.72173
3181.72173
3181.72173
3181.72173
3181.72173
3181.72173
3181.72173
3181.72173
3181.72173
3181.72173
3181.72173
3181.72173
3181.72173
3181.72173
3181.72173
3181.72173
3181.72173
3181.72173
3181.72173
3181.72173
3181.72173
3181.72173
3181.72173
3181.72173
3181.72173
3181.72173
3181.72173
3181.72173
3181.72173
3181.72173
3181.72173
3181.72173
3181.72173
3181.72173
3181.72173
3181.72173
3181.72173
3181.72173
3181.72173
3181.72173
3181.72173
3181.72173
3181.72173
3181.72173
3181.72173
3181.72173
3181.72173
3181.72173
3181.72173
3181.72173
3181.72173
3181.72173
3181.72173
3181.72173
3181.72173
3181.72173
3181.72173
3181.72173
3181.72173
3181.72173
3181.72173
3181.72173
3181.72173
3181.72173
3181.72173
3181.72173
3181.72173
3181.72173
3181.72173
3181.72173
3181.72173
3181.72173
3181.72173
3181.72173
3181.72173
3181.72173
3181.72173
3181.72173
3181.72173
3181.72173
3181.72173
3181.72173
3181.72173
3181.72173
3181.72173
3181.72173
