-3.18172173
-3.18172173
-3.18172173
-3.18172173
-3.18172173
-3.18172173
-3.18172173
-3.16155073
-3.16155073
-3.16155073
-3.16155073
-3.16155073
-3.16155073
-3.16155073
-3.16155073
-3.16155073
-3.16155073
-3.16155073
-3.16155073
-3.16155073
-3.16155073
-3.15606973
-3.12328373
-3.12328373
-3.12328373
-3.12328373
-3.12328373
-3.12328373
-3.04914173
-3.04914173
-3.04914173
-3.04914173
-3.04914173
-3.04914173
-3.04914173
-3.04914173
-3.04506173
-3.04506173
-3.04506173
-3.00257073
-3.00257073
-3.00257073
-3.00257073
-3.00257073
-3.00257073
-3.00257073
-3.00257073
-2.94479573
-2.94479573
-2.86285373
-2.86285373
-2.86285373
-2.82062873
-2.82062873
-2.82062873
-2.82062873
-2.82062873
-2.82062873
-2.82062873
-2.82062873
-2.82062873
-2.82062873
-2.82062873
-2.82062873
-2.82062873
-2.82062873
-2.82062873
-2.71066273
-2.71066273
-2.71066273
-2.68444673
-2.68444673
-2.68444673
-2.68444673
-2.68444673
-2.66456073
-2.60670773
-2.60670773
-2.60670773
-2.60670773
-2.60670773
-2.60670773
-2.60670773
-2.60670773
-2.60670773
-2.60670773
-2.60670773
-2.60670773
-2.60670773
-2.60670773
-2.60670773
-2.60670773
-2.60670773
-2.60670773
-2.52292373
-2.52292373
-2.52292373
-2.52292373
-2.52292373
-2.47186073
-2.47186073
-2.47186073
-2.47186073
-2.47186073
-2.47186073
-2.47186073
-2.47186073
-2.46926073
-2.46926073
-2.46926073
-2.46926073
-2.41858373
-2.41858373
-2.41858373
-2.41858373
-2.41858373
-2.41858373
-2.41858373
-2.36095673
-2.29535273
-2.29223043
-2.26278743
-2.26278743
-2.26278743
-2.22198271876
-2.22198271876
-2.21396771876
-2.21396771876
-2.21396771876
-2.21396771876
-2.21396771876
-2.17400971876
-2.17400971876
-2.00112431876
-2.00112431876
-1.97451831876
-1.97451831876
-1.97451831876
-1.85979431876
-1.85979431876
-1.75929919876
-1.75929919876
-1.75929919876
-1.73344119876
-1.68765819876
-1.68765819876
-1.61394519876
-1.58189419876
-1.50151319876
-1.46754819876
-1.46754819876
-1.46754819876
-1.46754819876
-1.42635119876
-1.42635119876
-1.42635119876
-1.42635119876
-1.42635119876
-1.42635119876
-1.42635119876
-1.26031619876
-1.26031619876
-1.26031619876
-1.26031619876
-1.26031619876
-1.16894195
-1.16894195
-1.16894195
-1.16894195
-1.14456595
-1.03239195
-1.03239195
-1.03239195
-1.03239195
-1.03239195
-0.974684339812
-0.974684339812
-0.974684339812
-0.974684339812
-0.974684339812
-0.745943999812
-0.70365161
-0.60373261
-0.60373261
-0.60373261
-0.60373261
-0.60373261
-0.60373261
-0.60373261
-0.60373261
-0.60373261
-0.60373261
-0.60373261
-0.60373261
-0.60373261
-0.60373261
-0.60373261
-0.60373261
-0.60373261
-0.60373261
-0.60373261
-0.60373261
-0.60373261
-0.60373261
-0.46341331
-0.46341331
-0.46341331
-0.46341331
-0.46341331
-0.46341331
-0.46341331
-0.46341331
-0.20731651
-0.20731651
-0.20731651
-0.20731651
-0.20731651
-0.20731651
-0.20731651
-0.20731651
-0.20731651
-0.20731651
-0.20731651
-0.20731651
-0.20731651
-0.20731651
-0.20731651
-0.18746051
-0.18746051
-0.18746051
-0.18746051
-0.18746051
-0.18746051
-0.18746051
-0.18746051
-0.18746051
-0.18746051
-0.18746051
-0.18746051
-0.18746051
-0.18746051
0
0
0
0
0
0
0
0
0
0
0
0
0
0
0
0
0
0
0
0
0
0
0
0
0
0
0
0
0
0
0
0
0
0
0
0
0
0
0
0
0
0
0
0
0
0
0
0
0
0
0
0
0
0
0
0
0
0
0
0
0
0
0
0
0
0
0
0
0
0
0
0
0
0
0
0
0
0
0
0
0
0
0
0
0
0
0
0
0
0
0
0
0
0
0
0
0
0
0
0
0
0
0
0
0
0
0
0
0
0
0
0
0
0
0
0
0
0
0
