322.760744331
327.687473607
332.474780246
335.927711166
343.007278299
349.901240068
358.267603496
358.184683454
361.990105575
367.408082263
369.839998564
374.657968036
378.938587721
388.110817556
392.151920005
398.280517118
414.008579363
416.794679514
421.844357489
429.726258573
438.625007262
443.703573814
448.732400048
459.444160444
474.37139095
486.133632991
498.245304632
505.71478157
510.811893351
516.28231348
530.068184575
536.97785503
546.182172903
547.056975269
549.924566208
558.580812008
562.974136333
573.933651483
575.071512614
581.823897651
589.753096285
598.181455559
599.522422235
609.358929389
614.018151325
618.754987835
626.560790323
635.471728609
641.53253279
649.085109781
655.607073392
662.747977088
668.896346896
678.006723723
681.598356567
700.429502176
705.443849684
726.411826237
732.92550726
738.684744709
746.388076483
751.65577473
757.584482482
770.859627724
776.766275028
788.646275028
797.294111298
813.826232736
814.582097737
832.451106266
839.142604587
848.521785727
849.113607726
860.416080415
875.796586863
875.796586871
889.7536537
901.697797254
911.123933143
922.797482235
936.826930121
948.288648934
956.742951937
965.016673084
975.183367355
975.939232365
984.694301626
985.979718575
991.899750016
994.71703182
998.630303824
1010.90548119
1017.41027619
1016.35378214
1017.1382681
1032.26488872
1044.25596672
1052.75649345
1064.31246466
1066.94645866
1069.33455867
1090.23797813
1090.23797813
1105.08797813
1120.62746203
1121.36206691
1123.58094401
1128.53094402
1148.19420465
1159.00563587
1163.95563587
1169.24695334
1181.46850333
1191.03793837
1191.70166407
1200.23712376
1206.01555576
1215.03122191
1221.08999867
1226.03999867
1230.98999867
1235.11397861
1246.7367033
1261.56524111
1268.68865703
1275.67259871
1275.75871668
1281.93628582
1289.51394383
1302.69935783
1318.49133888
1327.85282317
1337.75282316
1346.42967845
1353.97912145
1370.16641345
1371.87113429
1379.06487028
1386.08961329
1395.73254688
1407.87707488
1423.13336328
1429.4767675
1431.94642149
1435.04833344
1437.79370244
1454.45458032
1459.40458032
1473.18134112
1477.70910612
1492.28339112
1492.28339111
1497.25150416
1506.89456705
1519.02117605
1520.50150325
1529.48763424
1536.28481585
1543.44711775
1553.89955854
1553.89955854
1556.23282024
1564.07005624
1568.59636291
1577.30434259
1582.57282558
1582.57282558
1585.32977759
1592.99237759
1598.04373806
1598.62695301
1598.62695301
1611.97911099
1616.75276874
1616.75276874
1617.38144844
1622.54955102
1630.26937302
1649.29400106
1649.29400106
1659.70879116
1666.99394003
1681.68187703
1690.70475782
1704.65534282
1713.54417944
1723.26165314
1725.35055314
1730.44034114
1733.12755031
1744.88697227
1755.53464007
1769.89239504
1781.14338259
1793.19217759
1793.90527459
1797.51989286
1805.33794464
1810.30100373
1820.20248873
1839.84710724
1843.39460349
1848.34460349
1862.55576837
1874.37174508
1879.87149208
1895.26443381
1908.35431281
1921.98977685
1926.38696085
1944.14673353
1959.51964757
1967.91891453
1982.57390627
1992.47390627
2002.32978197
2005.01456297
2015.70283067
2033.22434567
2047.41035267
2055.16264352
2064.89236352
2068.73901842
2081.06224142
2087.02945389
2099.40226599
2101.45043338
2109.64924708
2115.35307268
2123.70373258
2125.45999258
2142.83736753
2157.99905607
2157.99905607
2162.94905607
2162.94905607
2173.17338007
2183.07338007
2199.70072212
2212.96847498
2217.23359298
2228.81738498
2232.29238398
2247.14238398
2265.20363708
2268.37124108
2280.49703828
2289.49811828
2305.09952828
2315.40344828
2320.35344828
2324.98734128
2330.69116688
2353.62820958
2370.89271068
2378.47670468
2399.98893214
2404.93893214
2410.55450914
2419.05920314
2424.25660414
2431.38707914
2436.33707914
2444.56624624
2446.79285524
2451.74285524
2451.74285524
2456.69285524
2457.59497888
2462.52775288
2471.61080488
2490.90580588
2500.80580588
2500.80580588
2509.61225188
2521.19029198
2532.57380698
2541.51637798
2549.7518402
2561.71097486
2566.66097486
2576.56097486
2584.85133386
2588.14826552
2599.30724852
2604.3062654
2608.2181514
2613.23022737
2630.55710837
2637.28950437
2645.50890017
2652.71798117
2657.66798117
2668.87517717
2682.30413117
2682.30413117
2687.84377715
2702.52610085
2710.11009485
2713.69607285
2722.70589455
2739.30880043
2739.30880043
2749.82834243
2767.95358913
2769.62167379
2781.12073169
2789.30465678
2807.15773268
2812.10773268
2821.95153038
2826.53556104
2840.69820404
2853.73017992
2863.88757992
2863.88757992
2866.11418892
2876.22539552
2882.15020892
2883.51423092
2893.29227282
2908.91971982
2918.81971982
2920.11218462
2920.11218462
2928.05931062
2928.42768566
2943.17927966
2949.40400366
2954.36706275
2964.08473841
2969.01414641
2975.58159851
2983.36075517
2983.57196177
2985.43811177
2994.65086367
3005.59570967
3014.61619367
3018.78478667
3021.51931121
3029.60068121
3036.47712321
3041.42712321
3046.81480221
3055.32792111
3062.84231911
3067.43940886
3071.50989286
3082.60927886
3097.59652752
3114.3705954
3117.1911054
3123.1014054
3123.11951844
3132.33463644
3138.39512044
3138.76233334
3143.2726556
3143.2726556
