-28.5559351542
-28.5061702121
-28.4578135793
-28.4229354892
-28.3514247101
-28.2817887326
-28.1972800112
-28.1981175873
-28.15967898
-28.1049519428
-28.0803871317
-28.0317207734
-27.9884821907
-27.8958334045
-27.8550141878
-27.7931091665
-27.6342398509
-27.6060974251
-27.5550905769
-27.4754754144
-27.385589064
-27.334290412
-27.2834941874
-27.1752945874
-27.0245144813
-26.9057039556
-26.7833638381
-26.7079145761
-26.6564285985
-26.6011718295
-26.4619206063
-26.3921259552
-26.2991530474
-26.2903166599
-26.2613510949
-26.1739142686
-26.1295372552
-26.018835082
-26.0073415352
-25.9391356257
-25.8590427103
-25.7739077681
-25.7603626502
-25.661003992
-25.6139411442
-25.5660943108
-25.487247821
-25.3972383433
-25.3360180991
-25.2597294426
-25.1938510223
-25.1217206819
-25.0596159364
-24.967591928
-24.9313128084
-24.7410992164
-24.6904492416
-24.4786514986
-24.4128567408
-24.3546826252
-24.2768711931
-24.2236621199
-24.163776183
-24.0296838068
-23.9700207027
-23.8500207027
-23.7626688212
-23.5956776956
-23.5880426956
-23.4075476599
-23.3399567678
-23.2452175644
-23.2392395644
-23.1250731736
-22.9697145226
-22.9697145225
-22.8287340495
-22.7080861348
-22.612872641
-22.4949580037
-22.3532464089
-22.2374714714
-22.1520744713
-22.0685015305
-21.9658076489
-21.9581726488
-21.8697376058
-21.8567535962
-21.7969552988
-21.7684979069
-21.7289699068
-21.6049782162
-21.5392732162
-21.5499448733
-21.5420207727
-21.3892266251
-21.2681046251
-21.1822407186
-21.0655137368
-21.0389077368
-21.0147855144
-20.8036398633
-20.8036398633
-20.6536398633
-20.4966753794
-20.4892551282
-20.4668422282
-20.4168422281
-20.2182234339
-20.1090170579
-20.0590170579
-20.0055694067
-19.8821194067
-19.7854584468
-19.7787541468
-19.6925373822
-19.6341693822
-19.5431020474
-19.4819022821
-19.4319022821
-19.3819022821
-19.3402459191
-19.2228446596
-19.0730614494
-19.0011077532
-18.9305628878
-18.9296930093
-18.867293321
-18.790751321
-18.6575653209
-18.4980503608
-18.4034899135
-18.3034899136
-18.2158449106
-18.1395879107
-17.9760799106
-17.9588605082
-17.8861965083
-17.8152395082
-17.7178361386
-17.5951641386
-17.4410602154
-17.3769854253
-17.3520394253
-17.3207069814
-17.2929759814
-17.1246842857
-17.0746842857
-16.9355250857
-16.8897900857
-16.7425750857
-16.7425750857
-16.6923921257
-16.59498745
-16.47249645
-16.45754365
-16.3667746501
-16.29811625
-16.2257697662
-16.1201895562
-16.1201895562
-16.0966212562
-16.0174572562
-15.9717369867
-15.8837775961
-15.8305605962
-15.8305605962
-15.8027125961
-15.7253125961
-15.6742887529
-15.6683976929
-15.6683976929
-15.5335274102
-15.4853086451
-15.4853086451
-15.4789583451
-15.4267552887
-15.3487772887
-15.1566093287
-15.1566093287
-15.0514094287
-14.9778220664
-14.8294590664
-14.7383188564
-14.5974038564
-14.5076176279
-14.4094613279
-14.3883613279
-14.3369493279
-14.3098058009
-14.1910237609
-14.0834715609
-13.938443733
-13.824797394
-13.703092394
-13.695889394
-13.6593780984
-13.5804078784
-13.5302759684
-13.4302609684
-13.2318304784
-13.195997183
-13.1459971829
-13.0024500629
-12.8830967629
-12.8275437629
-12.6720595029
-12.5398385029
-12.4021065429
-12.357690543
-12.1782988997
-12.0230169397
-11.9381758592
-11.7901456397
-11.6901456397
-11.5905913397
-11.5634723397
-11.4555100397
-11.2785250397
-11.1352320397
-11.0569260715
-10.9586460715
-10.9197909715
-10.7953139715
-10.7350390981
-10.6100611981
-10.5893726386
-10.5065563386
-10.4489419386
-10.3645918386
-10.3468518386
-10.1713227987
-10.0181744296
-10.0181744296
-9.96817442963
-9.96817442963
-9.86489842963
-9.76489842963
-9.59694547963
-9.46292777394
-9.41984577394
-9.30283777393
-9.26773677393
-9.11773677394
-8.93529987394
-8.90330387394
-8.78082107393
-8.68990107393
-8.53231107394
-8.42823107394
-8.37823107394
-8.33142407394
-8.27380967394
-8.04212237394
-7.86773347394
-7.79112747394
-7.57383224712
-7.52383224712
-7.46710924712
-7.38120324712
-7.32870424712
-7.25667924712
-7.20667924712
-7.12355634712
-7.10106534712
-7.05106534712
-7.05106534712
-7.00106534712
-6.99195298712
-6.94212698712
-6.85037898712
-6.65547998712
-6.55547998712
-6.55547998712
-6.46652598711
-6.34957608711
-6.23459108711
-6.14426208711
-6.0610756
-5.94027626
-5.89027626
-5.79027626
-5.70653526
-5.67323292
-5.56051592
-5.5100208
-5.4705068
-5.41987977
-5.24486077
-5.17685677
-5.09383257
-5.02101357
-4.97101357
-4.85780957
-4.72216357
-4.72216357
-4.66620755
-4.51790125
-4.44129525
-4.40507325
-4.31406495
-4.14635883
-4.14635883
-4.04010083
-3.85701753
-3.84016819
-3.72401609
-3.64135018
-3.46101608
-3.41101608
-3.31158378
-3.26528044
-3.12222344
-2.99058732
-2.88798732
-2.88798732
-2.86549632
-2.76336292
-2.70351632
-2.68973832
-2.59097022
-2.43311722
-2.33311722
-2.32006202
-2.32006202
-2.23978802
-2.23606706
-2.08706106
-2.02418506
-1.97405315
-1.87589481
-1.82610281
-1.75976491
-1.68118757
-1.67905417
-1.66020417
-1.56714607
-1.45659207
-1.36547607
-1.32336907
-1.29574761
-1.21411761
-1.14475961
-1.09475961
-1.04033861
-0.95434751
-0.87854551
-0.83211026
-0.79099426
-0.67898026
-0.52769492
-0.35855792
-0.330067919999
-0.270367919999
-0.270184959999
-0.17710296
-0.11598696
-0.11228274
-0.0669044
-0.0669044
