597.224660569
625.594726928
625.594726928
625.594726928
625.594726928
625.641057296
657.262841429
657.262841429
679.053287582
679.053287582
679.053287582
679.053287582
679.053287582
713.706391098
713.706391098
713.828225126
732.666280355
732.666280355
758.303699892
758.303699892
784.381355211
784.381355211
803.746985506
803.746985506
803.746985506
814.009812288
814.009812288
824.637289311
824.637289311
824.637289311
824.637289311
842.731010931
842.731010931
874.083291204
913.443242051
913.841643019
913.841643019
936.208113034
936.208113034
936.208113034
937.905968441
1012.46784248
1012.46784248
1012.46784248
1049.43969057
1049.43969057
1049.43969057
1054.92069057
1054.92069057
1058.13728649
1076.17277331
1076.17277331
1076.17277331
1089.13799881
1089.13799881
1089.13799881
1089.13799881
1097.11817885
1117.77028476
1140.13528476
1159.12921532
1172.28895707
1206.29751092
1218.58040947
1263.50919259
1263.50919259
1263.50919259
1302.89200554
1325.21552227
1325.21552227
1325.21552227
1325.21552227
1359.94327491
1372.36615701
1372.36615701
1393.2529779
1393.2529779
1393.2529779
1428.8989779
1428.8989779
1428.8989779
1428.8989779
1428.8989779
1428.8989779
1428.8989779
1428.8989779
1428.8989779
1428.8989779
1428.8989779
1428.8989779
1546.43773895
1560.00457681
1560.00457681
1620.75472292
1620.75472292
1680.6270585
1691.59748289
1691.59748289
1695.07160759
1695.07160759
1733.5621832
1733.5621832
1766.38422794
1791.65557153
1791.65557153
1791.65557153
1834.14657153
1890.43044486
1890.43044486
1890.43044486
1930.43044486
1984.28144486
1984.28144486
1984.28144486
1984.28144486
1984.28144486
1984.28144486
1984.28144486
1984.28144486
1984.28144486
1984.28144486
1984.28144486
1987.36344486
2045.74468954
2085.74468954
2085.74468954
2085.74468954
2092.62530318
2092.62530318
2096.19040236
2096.19040236
2106.86740236
2110.07650236
2110.07650236
2110.07650236
2131.47428001
2150.69093376
2161.60228001
2161.60228001
2196.92974805
2196.92974805
2212.79415107
2212.79415107
2212.79415107
2212.79415107
2212.79415107
2212.79415107
2212.79415107
2212.79415107
2212.79415107
2317.74392195
2385.26797343
2402.40358799
2453.32158799
2453.32158799
2554.73858799
2612.51358799
2635.76558799
2693.40058799
2727.47039497
2727.47039497
2727.47039497
2727.47039497
2727.47039497
2727.47039497
2727.47039497
2731.41739593
2731.41739593
2731.41739593
2731.41739593
2731.41739593
2731.41739593
2731.41739593
2731.41739593
2731.41739593
2757.56639593
2767.47039497
2767.47039497
2767.47039497
2767.47039497
2767.47039497
2767.47039497
2767.47039497
2767.47039497
2767.47039497
2767.47039497
2767.47039497
2767.47039497
2767.47039497
2767.47039497
2767.47039497
2767.47039497
2847.47039497
2847.47039497
2847.47039497
2847.47039497
2937.09439
2937.09439
2937.09439
2937.09439
2937.09439
2937.09439
2937.09439
2937.09439
2937.09439
2937.09439
2937.09439
2937.09439
2937.09439
3066.96639
3066.96639
3094.82273
3094.82273
3094.82273
3094.82273
3094.82273
3094.82273
3094.82273
3094.82273
3094.82273
3094.82273
3094.82273
3094.82273
3094.82273
3094.82273
3094.82273
3094.82273
3094.82273
3094.82273
3094.82273
3094.82273
3094.82273
3094.82273
3094.82273
3094.82273
3094.82273
3094.82273
3094.82273
3094.82273
3094.82273
3094.82273
3094.82273
3094.82273
3094.82273
3094.82273
3094.82273
3094.82273
3094.82273
3094.82273
3094.82273
3094.82273
3094.82273
3094.82273
3094.82273
3094.82273
3094.82273
3094.82273
3094.82273
3094.82273
3094.82273
3094.82273
3094.82273
3181.72173
3181.72173
3181.72173
3181.72173
3181.72173
3181.72173
3181.72173
3181.72173
3181.72173
3181.72173
3181.72173
3181.72173
3181.72173
3181.72173
3181.72173
3181.72173
3181.72173
3181.72173
3181.72173
3181.72173
3181.72173
3181.72173
3181.72173
3181.72173
3181.72173
3181.72173
3181.72173
3181.72173
3181.72173
3181.72173
3181.72173
3181.72173
3181.72173
3181.72173
3181.72173
3181.72173
3181.72173
3181.72173
3181.72173
3181.72173
3181.72173
3181.72173
3181.72173
3181.72173
3181.72173
3181.72173
3181.72173
3181.72173
3181.72173
3181.72173
3181.72173
3181.72173
3181.72173
3181.72173
3181.72173
3181.72173
3181.72173
3181.72173
3181.72173
3181.72173
3181.72173
3181.72173
3181.72173
3181.72173
3181.72173
3181.72173
3181.72173
3181.72173
3181.72173
3181.72173
3181.72173
3181.72173
3181.72173
3181.72173
3181.72173
3181.72173
3181.72173
3181.72173
3181.72173
3181.72173
3181.72173
3181.72173
3181.72173
3181.72173
3181.72173
3181.72173
3181.72173
3181.72173
3181.72173
3181.72173
3181.72173
3181.72173
3181.72173
3181.72173
3181.72173
3181.72173
3181.72173
3181.72173
