-28.1644752
-28.1029775
-28.0153875
-27.9458805
-27.8428033
-27.8553124
-27.6823167
-27.5774139
-27.4461517
-27.4334561
-27.3226008
-27.2205217
-27.0662259
-27.0006733
-26.9811657
-26.8147877
-26.625031
-26.60886
-26.4301874
-26.2751985
-26.1736524
-26.1210975
-26.1572184
-26.0693789
-25.969165
-25.8900297
-25.7220134
-25.6246517
-25.5469359
-25.5443377
-25.413491
-25.3334012
-25.3517715
-25.29624789
-25.2335823
-25.17884339
-25.1355627
-24.9914395
-24.9919818
-24.9254122
-24.72235719
-24.7552923
-24.8036539
-24.5752032
-24.5363439
-24.3461989
-24.3623567
-24.2232137
-24.17326379
-24.0338761
-23.9399523
-23.9192316
-23.86986619
-23.7496006
-23.7019144
-23.7616728
-23.64108319
-23.66042979
-23.5816755
-23.5672977
-23.4888523
-23.3004925
-23.2273628
-23.1525043
-22.9648311
-22.8742065
-22.8450519
-22.73216779
-22.60849684
-22.5710141
-22.61958979
-22.53138143
-22.4827606
-22.4838857
-22.38020398
-22.33991227
-22.31051785
-22.11009386
-21.96076357
-21.98654859
-21.92764077
-21.78386142
-21.7929938
-21.55137156
-21.43954721
-21.38206781
-21.2688531
-21.27470641
-21.27040811
-20.91168632
-21.02663966
-20.98727007
-20.97037401
-20.74782066
-20.57242991
-20.64704342
-20.48083621
-20.63488418
-20.2607482
-20.2752331
-20.14064891
-19.90878897
-19.72329237
-19.73022037
-19.58304082
-19.60645331
-19.30619602
-19.46146052
-19.35394361
-19.2847575
-19.03886451
-19.12930432
-19.03131311
-18.97669961
-18.81284122
-18.88453391
-18.83847252
-18.68029132
-18.42451472
-18.15096862
-18.03649541
-17.91054302
-17.6974178
-17.65413001
-17.58474101
-17.61829807
-17.15028361
-17.32473382
-17.28367451
-17.0247246
-16.74510692
-16.72698142
-16.69240242
-16.47656392
-16.45570576
-16.48828412
-16.5220688
-16.37096273
-16.13075455
-16.11067711
-16.0838513
-15.9928756
-15.83141682
-15.8859706
-15.58274293
-15.2965018
-15.30497871
-15.32274713
-15.3920858
-15.25718009
-15.19048011
-15.22954021
-15.15212399
-14.9980428
-15.0977187
-14.9030992
-14.73122814
-14.6925373
-14.36995369
-14.53505004
-14.45442403
-14.23023343
-13.87884093
-13.81654721
-13.78035338
-13.78115723
-13.85351862
-13.56504973
-13.46190782
-13.56047692
-13.13631041
-13.04318477
-12.94951411
-12.85226152
-12.77457191
-12.51771002
-12.56592701
-12.27295554
-12.26763119
-12.32085259
-12.12669954
-12.23909642
-12.19727463
-12.27483914
-11.98276101
-12.13683572
-11.94549135
-11.72334177
-11.64026168
-11.89062278
-11.68472776
-11.61184837
-11.52534107
-11.32874237
-11.10029468
-11.26302787
-11.08587542
-11.07472981
-11.10227119
-10.82724787
-10.82897414
-10.69824104
-10.67645542
-10.40229362
-10.60952162
-10.31294558
-10.19332721
-10.11787604
-10.05937818
-10.05743182
-9.95995818
-9.91824479
-9.78023222
-9.73976776
-9.69886416
-9.58635081
-9.40755201
-9.45565472
-9.15218095
-9.19506261
-8.95266471
-8.75857311
-8.74155541
-8.73427652
-8.49640131
-8.35921865
-8.51644112
-8.39615202
-8.38478102
-8.44092882
-8.31446591
-8.25073947
-8.19059177
-7.97309872
-7.96192312
-7.90617822
-7.75293737
-7.70354337
-7.60287037
-7.49395047
-7.43420616
-7.43012616
-7.39877966
-7.34647254
-7.14511442
-7.04278942
-6.94343542
-6.93718502
-6.94049996
-6.83816836
-6.78172166
-6.70671636
-6.63665506
-6.56239206
-6.53864815
-6.27875594
-6.19491304
-6.22270515
-6.0816479
-6.0611528
-5.9542216
-5.91550551
-5.86153939
-5.80659851
-5.74293289
-5.71656881
-5.39758449
-5.16882076
-5.16185486
-5.19684596
-4.83506376
-5.04381999
-4.81550481
-4.77885381
-4.94914611
-4.68454051
-4.81899034
-4.2629751
-4.47443722
-4.39856212
-3.9817332
-3.934832
-4.01070602
-3.7919459
-3.82010899
-3.76803499
-3.74056708
-3.71053229
-3.85178329
-3.84769959
-3.91197229
-3.67109199
-3.86643799
-3.93084499
-3.80612599
-3.80352599
-3.72024499
-3.48998997
-3.40906097
-3.40906097
-3.40854063
-3.44445163
-3.44445163
-3.33460253
-3.35399743
-3.27293743
-3.21883543
-3.19054043
-3.08228743
-3.04702733
-3.00939103
-2.93127712
-2.93127712
-2.88497378
-2.69188578
-2.54455444
-2.52711244
-2.49025044
-2.44411334
-2.36804338
-2.25831238
-2.29942838
-2.26121526
-2.19469592
-2.13155892
-2.04765392
-2.00653792
-1.86464696
-1.82965705
-1.79247605
-1.73238405
-1.71761305
-1.64312915
-1.61134015
-1.53341225
-1.43675825
-1.30741625
-1.27446025
-1.21053835
-1.14774535
-1.05040735
-0.93433735
-0.88577435
-0.8555801
-0.7817391
-0.7817391
-0.7005461
-0.6266481
-0.58021904
-0.50015204
-0.44335904
-0.38576904
-0.34465304
-0.23285404
-0.16722136
-0.16722136
-0.12561024
-0.08241924
-0.03614112
-0.00049512
