361.5152798
367.6035521
376.2749621
383.1561551
393.3607979
392.122397
409.2489713
419.6343485
432.6293063
433.8861707
444.8608454
454.9666763
470.2419605
476.7316679
478.6629203
495.1343423
513.9202556
515.5211846
533.209772
548.5536731
558.606737
563.8096721
560.233703
568.9298135
578.8509896
586.6853843
603.318998
612.9578063
620.6516705
620.9088923
633.8627156
641.7916058
639.9729461
645.46978349
651.6736769
657.09282899
661.3776173
675.6458141
675.5921264
682.1825168
702.28496279
699.0243869
694.2365885
716.8532078
720.7002785
739.5246335
737.9250113
751.7001683
756.64520939
770.4445907
779.7430469
781.7943962
786.68157179
798.5878652
803.308799
797.3927174
809.33108879
807.41577539
815.2124501
816.6358523
824.4019469
843.0495671
850.2894074
857.7003989
876.2800457
885.2518811
888.1381865
899.31371339
911.55713744
915.2679287
910.45893539
919.19156303
924.0050252
923.8936403
934.15813058
938.14700987
941.05705745
960.89903246
975.68273117
973.13001419
978.96188837
993.19604402
992.2919384
1016.21254016
1027.28315081
1032.97361141
1044.1818677
1043.60239001
1044.02792171
1079.54137892
1068.16099826
1072.05858767
1073.73129761
1095.76407926
1113.12776351
1105.74102602
1122.19553981
1106.94479078
1143.9842528
1142.5502477
1155.87408251
1178.82821657
1197.19237997
1196.50650797
1211.07728342
1208.75944691
1238.48491862
1223.11373312
1233.75790721
1240.6073321
1264.95073811
1255.99719692
1265.69832671
1271.10506321
1287.32704382
1280.22946751
1284.78954512
1300.44948392
1325.77136732
1352.85243122
1364.18527901
1376.65456562
1397.7539624
1402.03945361
1408.90896461
1405.58681567
1451.92024721
1434.64967642
1438.71454811
1464.3505892
1492.03273952
1493.82716402
1497.25048502
1518.61849652
1520.68345436
1517.45819672
1514.1135134
1529.07301433
1552.85362415
1554.84129071
1557.4970459
1566.5036402
1582.48805942
1577.0872352
1607.10677453
1635.4446464
1634.60543231
1632.84635873
1625.9818304
1639.33749569
1645.94079371
1642.07384381
1649.73804959
1664.9920874
1655.1241733
1674.3915038
1691.40673874
1695.2371319
1727.17290929
1710.82837064
1718.81034563
1741.00521503
1775.79307253
1781.96015081
1785.54333998
1785.46375883
1778.29998122
1806.85840133
1817.06945042
1807.31110952
1849.30359401
1858.52303237
1867.79642771
1877.42443412
1885.11570551
1910.54503262
1905.77155061
1934.77572614
1935.30283679
1930.03391819
1949.25507014
1938.12777902
1942.26813623
1934.58924974
1963.50498461
1948.25158832
1967.19468095
1989.18748937
1997.41241828
1972.62666938
1993.01027636
2000.22533597
2008.78955867
2028.25282997
2050.86915128
2034.75856547
2052.29665802
2053.40007341
2050.67347679
2077.90078547
2077.72988474
2090.67246164
2092.82923802
2119.97125622
2099.45568422
2128.81671218
2140.65893081
2148.12859664
2153.91988478
2154.11257442
2163.76246478
2167.89209039
2181.55533482
2185.56131636
2189.61077276
2200.74959441
2218.45067561
2213.68850732
2243.73241055
2239.48712621
2263.48451831
2282.69958671
2284.38433901
2285.10494912
2308.65459491
2322.23567825
2306.67065372
2318.57927462
2319.70500362
2314.14637142
2326.66619951
2332.97511707
2338.92973937
2360.46155132
2361.56793572
2367.08668082
2382.25752497
2387.14753097
2397.11415797
2407.89722807
2413.81191476
2414.21583476
2417.31913826
2422.49754314
2442.43199702
2452.56217202
2462.39821802
2463.01700762
2462.68882856
2472.81965696
2478.40788026
2485.83340496
2492.76947366
2500.12151066
2502.47215775
2528.20148654
2536.50193364
2533.75051475
2547.7151825
2549.7441974
2560.3303862
2564.16327911
2569.50592499
2574.94507211
2581.24796849
2583.85801241
2615.43746009
2638.08506936
2638.77469346
2635.31057456
2671.12701236
2650.46014559
2673.06334841
2676.69179741
2659.83285971
2686.02881411
2672.71828094
2727.7637897
2706.82903982
2714.34067472
2755.6067378
2760.2499566
2752.73842862
2774.3956805
2771.60753459
2776.76286059
2779.48218368
2782.45562789
2768.47177889
2768.87606519
2762.51306789
2786.36021759
2767.02096359
2760.64467059
2772.99185159
2773.24925159
2781.49407059
2804.28931757
2812.30128857
2812.30128857
2812.35280223
2808.79761323
2808.79761323
2819.67267413
2817.75257903
2825.77751903
2831.13361703
2833.93482203
2844.65186903
2848.14261893
2851.86861263
2859.60188972
2859.60188972
2864.18592038
2883.30163238
2897.88743504
2899.61419304
2903.26353104
2907.83110394
2915.36202998
2926.22539898
2922.15491498
2925.93801386
2932.52342852
2938.77399152
2947.08058652
2951.15107052
2965.19827556
2968.66227665
2972.34319565
2978.29230365
2979.75463265
2987.12853875
2990.27564975
2997.99051185
3007.55925785
3020.36411585
3023.62675985
3029.95502795
3036.17153495
3045.81750183
3057.30843183
3062.11616883
3065.10539958
3072.4349805
3072.4349805
3080.4730875
3087.7989895
3092.3956494
3100.3322824
3105.9547894
3111.6561994
3115.73618828
3126.81428928
3133.3219246
3133.3219246
3137.4519206
3141.7278296
3146.3198586
3149.8488126
