2863.549557
2863.549557
2863.549557
2863.549557
2863.549557
2863.549557
2863.549557
2863.549557
2863.549557
2866.493857
2866.493857
2866.493857
2866.493857
2866.493857
2866.493857
2868.590857
2868.590857
2868.590857
2868.590857
2878.590857
2878.590857
2878.590857
2878.590857
2878.590857
2878.590857
2878.590857
2878.590857
2878.590857
2878.590857
2878.590857
2878.590857
2878.590857
2878.590857
2878.590857
2878.590857
2878.590857
2878.590857
2878.590857
2878.590857
2878.590857
2878.590857
2878.590857
2878.590857
2878.590857
2878.590857
2878.590857
2878.590857
2879.79021253
2879.79021253
2879.79021253
2879.79021253
2879.79021253
2879.79021253
2879.79021253
2879.79021253
2880.05595841
2883.77225841
2883.77225841
2883.77225841
2883.77225841
2883.77225841
2883.77225841
2883.77225841
2883.77225841
2883.77225841
2883.77225841
2883.77225841
2883.77225841
2883.77225841
2883.77225841
2883.77225841
2883.77225841
2883.77225841
2884.98965841
2884.98965841
2884.99935841
2884.99935841
2884.99935841
2884.99935841
2884.99935841
2892.34795841
2892.34795841
2892.34795841
2898.11145841
2898.29545841
2898.29545841
2898.29545841
2898.29545841
2898.29545841
2898.29545841
2898.29545841
2898.29545841
2898.29545841
2898.29545841
2898.29545841
2898.29545841
2898.29545841
2898.29545841
2898.29545841
2898.29545841
2898.29545841
2898.29545841
2900.62065841
2900.62065841
2901.25568841
2901.25568841
2901.25568841
2901.25568841
2901.25568841
2909.44988841
2909.44988841
2909.44988841
2909.44988841
2909.44988841
2912.62878841
2912.62878841
2912.62878841
2912.62878841
2912.62878841
2912.62878841
2912.62878841
2917.06594841
2917.06594841
2919.79954841
2919.79954841
2919.79954841
2919.79954841
2919.79954841
2919.79954841
2919.79954841
2942.91364841
2942.91364841
2942.91364841
2944.23254841
2944.23254841
2962.28804841
2962.28804841
2962.28804841
2972.28804841
2972.28804841
2972.28804841
2972.28804841
2972.28804841
2972.28804841
2972.28804841
2976.40774841
2976.40774841
2976.40774841
2993.40404841
3003.43844841
3003.43844841
3027.26684841
3032.504727
3032.504727
3032.504727
3032.504727
3034.980627
3034.980627
3034.980627
3035.528727
3035.528727
3035.936727
3035.936727
3035.936727
3035.936727
3036.428807
3036.428807
3036.428807
3036.428807
3036.428807
3036.428807
3036.428807
3036.428807
3036.428807
3036.428807
3056.517207
3056.517207
3056.517207
3056.517207
3073.549227
3080.379017
3089.095617
3089.095617
3089.095617
3089.095617
3089.095617
3089.095617
3109.322148
3109.322148
3124.688178
3124.688178
3124.688178
3124.688178
3124.688178
3124.688178
3124.688178
3124.688178
3124.688178
3124.688178
3124.688178
3124.688178
3124.688178
3124.688178
3124.688178
3124.688178
3124.688178
3124.688178
3124.688178
3124.688178
3124.688178
3127.125778
3127.125778
3127.125778
3127.125778
3127.125778
3127.125778
3127.125778
3127.125778
3127.125778
3127.125778
3127.125778
3134.999678
3134.999678
3134.999678
3134.999678
3134.999678
3134.999678
3134.999678
3134.999678
3135.04919
3135.04919
3135.04919
3135.04919
3135.04919
3135.04919
3135.04919
3135.04919
3135.04919
3145.04919
3147.52919
3147.52919
3147.52919
3152.232683
3153.015686
3169.08672
3170.31312
3170.31312
3170.31312
3170.31312
3170.31312
3170.31312
3170.31312
3170.31312
3170.31312
3170.31312
3170.31312
3170.31312
3170.31312
3170.31312
3170.31312
3170.31312
3170.31312
3170.31312
3170.31312
3170.31312
3170.31312
3170.31312
3181.72173
3181.72173
3181.72173
3181.72173
3181.72173
3181.72173
3181.72173
3181.72173
3181.72173
3181.72173
3181.72173
3181.72173
3181.72173
3181.72173
3181.72173
3181.72173
3181.72173
3181.72173
3181.72173
3181.72173
3181.72173
3181.72173
3181.72173
3181.72173
3181.72173
3181.72173
3181.72173
3181.72173
3181.72173
3181.72173
3181.72173
3181.72173
3181.72173
3181.72173
3181.72173
3181.72173
3181.72173
3181.72173
3181.72173
3181.72173
3181.72173
3181.72173
3181.72173
3181.72173
3181.72173
3181.72173
3181.72173
3181.72173
3181.72173
3181.72173
3181.72173
3181.72173
3181.72173
3181.72173
3181.72173
3181.72173
3181.72173
3181.72173
3181.72173
3181.72173
3181.72173
3181.72173
3181.72173
3181.72173
3181.72173
3181.72173
3181.72173
3181.72173
3181.72173
3181.72173
3181.72173
3181.72173
3181.72173
3181.72173
3181.72173
3181.72173
3181.72173
3181.72173
3181.72173
3181.72173
3181.72173
3181.72173
3181.72173
3181.72173
3181.72173
3181.72173
3181.72173
3181.72173
3181.72173
3181.72173
3181.72173
3181.72173
3181.72173
