-3.18172173
-3.18172173
-3.18172173
-3.18172173
-3.18172173
-3.18172173
-3.18172173
-3.18172173
-3.18172173
-3.18172173
-3.18172173
-3.18172173
-3.18172173
-3.18172173
-3.18172173
-3.18172173
-3.18172173
-3.18172173
-3.18172173
-3.18172173
-3.18172173
-3.18172173
-3.18172173
-3.18172173
-3.18172173
-3.18172173
-3.18172173
-3.18172173
-3.18172173
-3.18172173
-3.18172173
-3.18172173
-3.18172173
-3.18172173
-3.18172173
-3.18172173
-3.18172173
-3.18172173
-3.18172173
-3.18172173
-3.13653073
-3.13653073
-3.13653073
-3.13653073
-3.13653073
-3.13653073
-3.13653073
-3.13653073
-3.04115673
-3.04115673
-3.04115673
-3.04115673
-3.02018673
-3.02018673
-3.02018673
-3.02018673
-3.02018673
-3.02018673
-3.01340273
-3.01340273
-3.01340273
-3.01340273
-3.01340273
-3.01340273
-3.01340273
-2.97091173
-2.97091173
-2.97091173
-2.96543073
-2.96135073
-2.95875073
-2.92274473
-2.92274473
-2.92274473
-2.92274473
-2.92274473
-2.92274473
-2.92274473
-2.83305973
-2.83305973
-2.83305973
-2.83305973
-2.80572373
-2.80572373
-2.80572373
-2.78905673
-2.78905673
-2.78905673
-2.78905673
-2.78905673
-2.78905673
-2.78905673
-2.78905673
-2.78089253157
-2.68089253157
-2.51276249026
-2.51276249026
-2.51276249026
-2.49660249026
-2.49476249026
-2.39476249026
-2.29476249026
-2.29429328229
-2.19429328229
-2.19429328229
-2.16198228229
-2.16198228229
-2.16198228229
-2.16198228229
-2.16198228229
-2.16198228229
-2.16198228229
-2.16097883
-1.97709183
-1.97709183
-1.89429488229
-1.89429488229
-1.89429488229
-1.89429488229
-1.77076988229
-1.77076988229
-1.71791188229
-1.71791188229
-1.71791188229
-1.71791188229
-1.71791188229
-1.7013693751
-1.7013693751
-1.7013693751
-1.6685873751
-1.6219593751
-1.6219593751
-1.6219593751
-1.5639993751
-1.5639993751
-1.51285288229
-1.51285288229
-1.39139192229
-1.39139192229
-1.39139192229
-1.28156792229
-1.22960692229
-1.22960692229
-1.22960692229
-1.22960692229
-1.22960692229
-1.22960692229
-1.22960692229
-1.22960692229
-1.22960692229
-1.12960692229
-1.1080894151
-1.02960692229
-0.986524922288
-0.986524922288
-0.94154857157
-0.94154857157
-0.94154857157
-0.94154857157
-0.94154857157
-0.94154857157
-0.94154857157
-0.94154857157
-0.90519457157
-0.90519457157
-0.90519457157
-0.90519457157
-0.70431057157
-0.70431057157
-0.70431057157
-0.70431057157
-0.62797657157
-0.62797657157
-0.62797657157
-0.62797657157
-0.62797657157
-0.59079557157
-0.45871627157
-0.45871627157
-0.45871627157
-0.45871627157
-0.45871627157
-0.30285946
-0.30285946
-0.30285946
-0.30285946
-0.30285946
-0.30285946
-0.30285946
-0.30285946
-0.30285946
-0.30285946
-0.30285946
-0.30285946
-0.30285946
-0.30285946
-0.30285946
-0.30285946
-0.24625546
-0.24625546
-0.24625546
-0.24625546
-0.24625546
-0.24625546
-0.24625546
-0.24625546
-0.24625546
-0.24625546
-0.24625546
-0.24625546
-0.24625546
-0.24625546
-0.24625546
-0.24625546
-0.24625546
-0.24625546
-0.24625546
-0.24625546
-0.24625546
-0.21852446
-0.21852446
-0.21852446
-0.21852446
-0.21852446
-0.21852446
-0.21852446
-0.11179534
-0.11179534
-0.11179534
-0.11179534
-0.11179534
-0.11179534
-0.11179534
-0.11179534
-0.11179534
-0.11179534
-0.11179534
-0.11179534
-0.11179534
-0.11179534
-0.11179534
-0.11179534
-0.11179534
-0.11179534
-0.11179534
-0.11179534
-0.11179534
0
0
0
0
0
0
0
0
0
0
0
0
0
0
0
0
0
0
0
0
0
0
0
0
0
0
0
0
0
0
0
0
0
0
0
0
0
0
0
0
0
0
0
0
0
0
0
0
0
0
0
0
0
0
0
0
0
0
0
0
0
0
0
0
0
0
0
0
0
0
0
0
0
0
0
0
0
0
0
0
0
0
0
0
0
0
0
0
0
0
0
0
0
0
0
0
0
0
0
0
0
0
0
0
0
0
0
0
0
0
0
0
0
