-15.69615365
-15.69615365
-15.69615365
-15.69615365
-15.69615365
-15.69615365
-15.69615365
-15.69615365
-15.69615365
-15.69615365
-15.69615365
-15.69615365
-15.69615365
-15.5266425106
-15.5266425106
-15.5266425106
-15.3697499753
-15.3697499753
-15.3419474519
-15.3419474519
-15.3419474519
-15.1947324519
-14.9956674519
-14.9956674519
-14.9956674519
-14.9956674519
-14.9956674519
-14.9956674519
-14.9956674519
-14.9956674519
-14.9956674519
-14.9956674519
-14.9956674519
-14.9956674519
-14.9956674519
-14.9740473933
-14.9740473933
-14.9740473933
-14.9740473933
-14.9740473933
-14.9740473933
-14.9740473933
-14.9740473933
-14.9740473933
-14.9740473933
-14.9740473933
-14.9740473933
-14.9740473933
-14.8276223933
-14.8169553933
-14.8169553933
-14.8169553933
-14.6015453933
-14.6015453933
-14.6015453933
-14.6015453933
-14.6015453933
-14.6015453933
-14.6015453933
-14.6015453933
-14.6015453933
-14.6015453933
-14.3579173855
-14.3487173855
-14.2819676087
-14.2819676087
-14.2819676087
-14.2819676087
-14.1787639588
-14.1787639588
-13.8730806986
-13.8730806986
-13.8730806986
-13.8730806986
-13.8730806986
-13.8730806986
-13.5113221675
-13.5113221675
-13.5113221675
-13.5113221675
-13.3274313083
-12.5561471675
-12.5561471675
-12.4587933153
-12.4587933153
-12.2083783153
-12.2083783153
-12.0806302969
-12.0806302969
-11.7918065536
-11.7918065536
-11.3918065536
-11.121957572
-11.121957572
-10.9357861189
-10.9357861189
-10.9357861189
-10.7370811189
-10.7370811189
-10.7370811189
-10.7370811189
-10.7370811189
-10.7370811189
-10.6456816189
-9.8198766189
-9.6887066189
-9.6887066189
-9.6148516189
-9.6148516189
-9.6148516189
-9.6148516189
-9.3454211189
-9.3454211189
-9.1671911189
-8.9126011189
-8.9126011189
-8.80288965
-8.75900964999
-8.35900964999
-8.35900964999
-7.89890464999
-7.89890464999
-6.69890464999
-6.57490464999
-6.57490464999
-6.35410964999
-6.35410964999
-6.35410964999
-6.35410964999
-6.35410964999
-6.35410964999
-6.35410964999
-6.35410964999
-6.35410964999
-6.17287773853
-6.17287773853
-6.17287773853
-6.17287773853
-5.97049099745
-5.97049099745
-5.97049099745
-5.97049099745
-5.97049099745
-5.95009099745
-5.95009099745
-5.95009099745
-5.95009099745
-5.95009099745
-5.95009099745
-5.95009099745
-5.95009099745
-5.95009099745
-5.95009099745
-5.83829175693
-5.69584175693
-5.69584175693
-5.29584175693
-5.29584175693
-5.28284175693
-5.28284175693
-4.55881099745
-4.55881099745
-4.55881099745
-4.55881099745
-4.55881099745
-4.55881099745
-4.55881099745
-4.15881099745
-4.15881099745
-4.14069119745
-4.14069119745
-4.14069119745
-4.14069119745
-4.14069119745
-3.97193119745
-3.97193119745
-2.37193119746
-2.37193119746
-2.37193119746
-2.37193119746
-2.37193119746
-2.29596195694
-2.29596195694
-2.29596195694
-2.29596195694
-2.29596195694
-2.29596195694
-2.29596195694
-1.93932793854
-1.93932793854
-1.93932793854
-1.93932793854
-1.93932793854
-1.93932793854
-1.93932793854
-1.93932793854
-1.93932793854
-1.33374793854
-1.33374793854
-1.33374793854
-1.33374793854
-1.33374793854
-1.33374793854
-1.33374793854
-0.740135388541
-0.740135388541
-0.740135388541
-0.740135388541
-0.740135388541
-0.740135388541
-0.740135388541
-0.740135388541
-0.740135388541
-0.740135388541
-0.598378088541
-0.598378088541
-0.598378088541
-0.598378088541
-0.598378088541
0
0
0
0
0
0
0
0
0
0
0
0
0
0
0
0
0
0
0
0
0
0
0
0
0
0
0
0
0
0
0
0
0
0
0
0
0
0
0
0
0
0
0
0
0
0
0
0
0
0
0
0
0
0
0
0
0
0
0
0
0
0
0
0
0
0
0
0
0
0
0
0
0
0
0
0
0
0
0
0
0
0
0
0
0
0
0
0
0
0
0
0
0
0
0
0
0
0
0
0
0
0
0
0
0
0
0
0
0
0
0
0
0
0
0
0
0
0
0
0
0
0
0
0
0
0
0
0
0
0
0
0
0
0
0
0
0
0
0
0
0
