2863.549557
2863.549557
2863.549557
2863.549557
2863.549557
2863.549557
2863.549557
2865.566657
2865.566657
2865.566657
2865.566657
2865.566657
2865.566657
2865.566657
2865.566657
2865.566657
2865.566657
2865.566657
2865.566657
2865.566657
2865.566657
2866.114757
2869.393357
2869.393357
2869.393357
2869.393357
2869.393357
2869.393357
2876.807557
2876.807557
2876.807557
2876.807557
2876.807557
2876.807557
2876.807557
2876.807557
2877.215557
2877.215557
2877.215557
2881.464657
2881.464657
2881.464657
2881.464657
2881.464657
2881.464657
2881.464657
2881.464657
2887.242157
2887.242157
2895.436357
2895.436357
2895.436357
2899.658857
2899.658857
2899.658857
2899.658857
2899.658857
2899.658857
2899.658857
2899.658857
2899.658857
2899.658857
2899.658857
2899.658857
2899.658857
2899.658857
2899.658857
2910.655457
2910.655457
2910.655457
2913.277057
2913.277057
2913.277057
2913.277057
2913.277057
2915.265657
2921.050957
2921.050957
2921.050957
2921.050957
2921.050957
2921.050957
2921.050957
2921.050957
2921.050957
2921.050957
2921.050957
2921.050957
2921.050957
2921.050957
2921.050957
2921.050957
2921.050957
2921.050957
2929.429357
2929.429357
2929.429357
2929.429357
2929.429357
2934.535657
2934.535657
2934.535657
2934.535657
2934.535657
2934.535657
2934.535657
2934.535657
2934.795657
2934.795657
2934.795657
2934.795657
2939.863357
2939.863357
2939.863357
2939.863357
2939.863357
2939.863357
2939.863357
2945.626057
2952.186457
2952.498687
2955.442987
2955.442987
2955.442987
2959.52345812
2959.52345812
2960.32495812
2960.32495812
2960.32495812
2960.32495812
2960.32495812
2964.32075812
2964.32075812
2981.60929812
2981.60929812
2984.26989812
2984.26989812
2984.26989812
2995.74229812
2995.74229812
3005.79181012
3005.79181012
3005.79181012
3008.37761012
3012.95591012
3012.95591012
3020.32721012
3023.53231012
3031.57041012
3034.96691012
3034.96691012
3034.96691012
3034.96691012
3039.08661012
3039.08661012
3039.08661012
3039.08661012
3039.08661012
3039.08661012
3039.08661012
3055.69011012
3055.69011012
3055.69011012
3055.69011012
3055.69011012
3064.827535
3064.827535
3064.827535
3064.827535
3067.265135
3078.482535
3078.482535
3078.482535
3078.482535
3078.482535
3084.25329602
3084.25329602
3084.25329602
3084.25329602
3084.25329602
3107.12733002
3111.356569
3121.348469
3121.348469
3121.348469
3121.348469
3121.348469
3121.348469
3121.348469
3121.348469
3121.348469
3121.348469
3121.348469
3121.348469
3121.348469
3121.348469
3121.348469
3121.348469
3121.348469
3121.348469
3121.348469
3121.348469
3121.348469
3121.348469
3135.380399
3135.380399
3135.380399
3135.380399
3135.380399
3135.380399
3135.380399
3135.380399
3160.990079
3160.990079
3160.990079
3160.990079
3160.990079
3160.990079
3160.990079
3160.990079
3160.990079
3160.990079
3160.990079
3160.990079
3160.990079
3160.990079
3160.990079
3162.975679
3162.975679
3162.975679
3162.975679
3162.975679
3162.975679
3162.975679
3162.975679
3162.975679
3162.975679
3162.975679
3162.975679
3162.975679
3162.975679
3181.72173
3181.72173
3181.72173
3181.72173
3181.72173
3181.72173
3181.72173
3181.72173
3181.72173
3181.72173
3181.72173
3181.72173
3181.72173
3181.72173
3181.72173
3181.72173
3181.72173
3181.72173
3181.72173
3181.72173
3181.72173
3181.72173
3181.72173
3181.72173
3181.72173
3181.72173
3181.72173
3181.72173
3181.72173
3181.72173
3181.72173
3181.72173
3181.72173
3181.72173
3181.72173
3181.72173
3181.72173
3181.72173
3181.72173
3181.72173
3181.72173
3181.72173
3181.72173
3181.72173
3181.72173
3181.72173
3181.72173
3181.72173
3181.72173
3181.72173
3181.72173
3181.72173
3181.72173
3181.72173
3181.72173
3181.72173
3181.72173
3181.72173
3181.72173
3181.72173
3181.72173
3181.72173
3181.72173
3181.72173
3181.72173
3181.72173
3181.72173
3181.72173
3181.72173
3181.72173
3181.72173
3181.72173
3181.72173
3181.72173
3181.72173
3181.72173
3181.72173
3181.72173
3181.72173
3181.72173
3181.72173
3181.72173
3181.72173
3181.72173
3181.72173
3181.72173
3181.72173
3181.72173
3181.72173
3181.72173
3181.72173
3181.72173
3181.72173
3181.72173
3181.72173
3181.72173
3181.72173
3181.72173
3181.72173
3181.72173
3181.72173
3181.72173
3181.72173
3181.72173
3181.72173
3181.72173
3181.72173
3181.72173
3181.72173
3181.72173
3181.72173
3181.72173
3181.72173
3181.72173
3181.72173
3181.72173
3181.72173
3181.72173
3181.72173
