-25.8449706943
-25.5612700307
-25.5612700307
-25.5612700307
-25.5612700307
-25.560806727
-25.2445888857
-25.2445888857
-25.0266844242
-25.0266844242
-25.0266844242
-25.0266844242
-25.0266844242
-24.680153389
-24.680153389
-24.6789350487
-24.4905544964
-24.4905544964
-24.2341803011
-24.2341803011
-23.9734037479
-23.9734037479
-23.7797474449
-23.7797474449
-23.7797474449
-23.6771191771
-23.6771191771
-23.5708444069
-23.5708444069
-23.5708444069
-23.5708444069
-23.3899071907
-23.3899071907
-23.076384388
-22.6827848795
-22.6788008698
-22.6788008698
-22.4551361697
-22.4551361697
-22.4551361697
-22.4381576156
-21.6925388752
-21.6925388752
-21.6925388752
-21.3228203943
-21.3228203943
-21.3228203943
-21.2680103943
-21.2680103943
-21.2358444351
-21.0554895669
-21.0554895669
-21.0554895669
-20.9258373119
-20.9258373119
-20.9258373119
-20.9258373119
-20.8460355115
-20.6395144524
-20.4158644524
-20.2259251468
-20.0943277293
-19.7542421908
-19.6314132053
-19.1821253741
-19.1821253741
-19.1821253741
-18.7882972446
-18.5650620773
-18.5650620773
-18.5650620773
-18.5650620773
-18.2177845509
-18.0935557299
-18.0935557299
-17.884687521
-17.884687521
-17.884687521
-17.528227521
-17.528227521
-17.528227521
-17.528227521
-17.528227521
-17.528227521
-17.528227521
-17.528227521
-17.528227521
-17.528227521
-17.528227521
-17.528227521
-16.3528399105
-16.2171715319
-16.2171715319
-15.6096700708
-15.6096700708
-15.010946715
-14.9012424711
-14.9012424711
-14.8665012241
-14.8665012241
-14.481595468
-14.481595468
-14.1533750206
-13.9006615847
-13.9006615847
-13.9006615847
-13.4757515847
-12.9129128514
-12.9129128514
-12.9129128514
-12.5129128514
-11.9744028514
-11.9744028514
-11.9744028514
-11.9744028514
-11.9744028514
-11.9744028514
-11.9744028514
-11.9744028514
-11.9744028514
-11.9744028514
-11.9744028514
-11.9435828514
-11.3597704046
-10.9597704046
-10.9597704046
-10.9597704046
-10.8909642682
-10.8909642682
-10.8553132764
-10.8553132764
-10.7485432764
-10.7164522764
-10.7164522764
-10.7164522764
-10.5024744999
-10.3103079624
-10.2011944999
-10.2011944999
-9.84791981953
-9.84791981953
-9.68927578928
-9.68927578928
-9.68927578928
-9.68927578928
-9.68927578928
-9.68927578928
-9.68927578928
-9.68927578928
-9.68927578928
-8.63977808051
-7.9645375657
-7.79318142008
-7.28400142008
-7.28400142008
-6.26983142008
-5.69208142008
-5.45956142008
-4.88321142008
-4.54251335033
-4.54251335033
-4.54251335033
-4.54251335033
-4.54251335033
-4.54251335033
-4.54251335033
-4.50304334075
-4.50304334075
-4.50304334075
-4.50304334075
-4.50304334075
-4.50304334075
-4.50304334075
-4.50304334075
-4.50304334075
-4.24155334075
-4.14251335033
-4.14251335033
-4.14251335033
-4.14251335033
-4.14251335033
-4.14251335033
-4.14251335033
-4.14251335033
-4.14251335033
-4.14251335033
-4.14251335033
-4.14251335033
-4.14251335033
-4.14251335033
-4.14251335033
-4.14251335033
-3.34251335033
-3.34251335033
-3.34251335033
-3.34251335033
-2.4462734
-2.4462734
-2.4462734
-2.4462734
-2.4462734
-2.4462734
-2.4462734
-2.4462734
-2.4462734
-2.4462734
-2.4462734
-2.4462734
-2.4462734
-1.1475534
-1.1475534
-0.86899
-0.86899
-0.86899
-0.86899
-0.86899
-0.86899
-0.86899
-0.86899
-0.86899
-0.86899
-0.86899
-0.86899
-0.86899
-0.86899
-0.86899
-0.86899
-0.86899
-0.86899
-0.86899
-0.86899
-0.86899
-0.86899
-0.86899
-0.86899
-0.86899
-0.86899
-0.86899
-0.86899
-0.86899
-0.86899
-0.86899
-0.86899
-0.86899
-0.86899
-0.86899
-0.86899
-0.86899
-0.86899
-0.86899
-0.86899
-0.86899
-0.86899
-0.86899
-0.86899
-0.86899
-0.86899
-0.86899
-0.86899
-0.86899
-0.86899
-0.86899
0
0
0
0
0
0
0
0
0
0
0
0
0
0
0
0
0
0
0
0
0
0
0
0
0
0
0
0
0
0
0
0
0
0
0
0
0
0
0
0
0
0
0
0
0
0
0
0
0
0
0
0
0
0
0
0
0
0
0
0
0
0
0
0
0
0
0
0
0
0
0
0
0
0
0
0
0
0
0
0
0
0
0
0
0
0
0
0
0
0
0
0
0
0
0
0
0
0
