-3.18172173
-3.18172173
-3.18172173
-3.18172173
-3.18172173
-3.18172173
-3.18172173
-3.18172173
-3.18172173
-3.15227873
-3.15227873
-3.15227873
-3.15227873
-3.15227873
-3.15227873
-3.13130873
-3.13130873
-3.13130873
-3.13130873
-3.03130873
-3.03130873
-3.03130873
-3.03130873
-3.03130873
-3.03130873
-3.03130873
-3.03130873
-3.03130873
-3.03130873
-3.03130873
-3.03130873
-3.03130873
-3.03130873
-3.03130873
-3.03130873
-3.03130873
-3.03130873
-3.03130873
-3.03130873
-3.03130873
-3.03130873
-3.03130873
-3.03130873
-3.03130873
-3.03130873
-3.03130873
-3.03130873
-3.01931517474
-3.01931517474
-3.01931517474
-3.01931517474
-3.01931517474
-3.01931517474
-3.01931517474
-3.01931517474
-3.01665771592
-2.97949471592
-2.97949471592
-2.97949471592
-2.97949471592
-2.97949471592
-2.97949471592
-2.97949471592
-2.97949471592
-2.97949471592
-2.97949471592
-2.97949471592
-2.97949471592
-2.97949471592
-2.97949471592
-2.97949471592
-2.97949471592
-2.97949471592
-2.96732071592
-2.96732071592
-2.96722371592
-2.96722371592
-2.96722371592
-2.96722371592
-2.96722371592
-2.89373771592
-2.89373771592
-2.89373771592
-2.83610271592
-2.83426271592
-2.83426271592
-2.83426271592
-2.83426271592
-2.83426271592
-2.83426271592
-2.83426271592
-2.83426271592
-2.83426271592
-2.83426271592
-2.83426271592
-2.83426271592
-2.83426271592
-2.83426271592
-2.83426271592
-2.83426271592
-2.83426271592
-2.83426271592
-2.81101071592
-2.81101071592
-2.80466041592
-2.80466041592
-2.80466041592
-2.80466041592
-2.80466041592
-2.72271841592
-2.72271841592
-2.72271841592
-2.72271841592
-2.72271841592
-2.69092941592
-2.69092941592
-2.69092941592
-2.69092941592
-2.69092941592
-2.69092941592
-2.69092941592
-2.64655781592
-2.64655781592
-2.61922181592
-2.61922181592
-2.61922181592
-2.61922181592
-2.61922181592
-2.61922181592
-2.61922181592
-2.38808081592
-2.38808081592
-2.38808081592
-2.37489181592
-2.37489181592
-2.19433681592
-2.19433681592
-2.19433681592
-2.09433681592
-2.09433681592
-2.09433681592
-2.09433681592
-2.09433681592
-2.09433681592
-2.09433681592
-2.05313981592
-2.05313981592
-2.05313981592
-1.88317681592
-1.78283281592
-1.78283281592
-1.54454881592
-1.49217003
-1.49217003
-1.49217003
-1.49217003
-1.46741103
-1.46741103
-1.46741103
-1.46193003
-1.46193003
-1.45785003
-1.45785003
-1.45785003
-1.45785003
-1.45292923
-1.45292923
-1.45292923
-1.45292923
-1.45292923
-1.45292923
-1.45292923
-1.45292923
-1.45292923
-1.45292923
-1.25204523
-1.25204523
-1.25204523
-1.25204523
-1.08172503
-1.01342713
-0.92626113
-0.92626113
-0.92626113
-0.92626113
-0.92626113
-0.92626113
-0.72399582
-0.72399582
-0.57033552
-0.57033552
-0.57033552
-0.57033552
-0.57033552
-0.57033552
-0.57033552
-0.57033552
-0.57033552
-0.57033552
-0.57033552
-0.57033552
-0.57033552
-0.57033552
-0.57033552
-0.57033552
-0.57033552
-0.57033552
-0.57033552
-0.57033552
-0.57033552
-0.54595952
-0.54595952
-0.54595952
-0.54595952
-0.54595952
-0.54595952
-0.54595952
-0.54595952
-0.54595952
-0.54595952
-0.54595952
-0.467220519998
-0.467220519998
-0.467220519998
-0.467220519998
-0.467220519998
-0.467220519998
-0.467220519998
-0.467220519998
-0.466725399998
-0.466725399998
-0.466725399998
-0.466725399998
-0.466725399998
-0.466725399998
-0.466725399998
-0.466725399998
-0.466725399998
-0.3667254
-0.3419254
-0.3419254
-0.3419254
-0.294890470041
-0.287060439998
-0.1263501
-0.1140861
-0.1140861
-0.1140861
-0.1140861
-0.1140861
-0.1140861
-0.1140861
-0.1140861
-0.1140861
-0.1140861
-0.1140861
-0.1140861
-0.1140861
-0.1140861
-0.1140861
-0.1140861
-0.1140861
-0.1140861
-0.1140861
-0.1140861
-0.1140861
-0.1140861
0
0
0
0
0
0
0
0
0
0
0
0
0
0
0
0
0
0
0
0
0
0
0
0
0
0
0
0
0
0
0
0
0
0
0
0
0
0
0
0
0
0
0
0
0
0
0
0
0
0
0
0
0
0
0
0
0
0
0
0
0
0
0
0
0
0
0
0
0
0
0
0
0
0
0
0
0
0
0
0
0
0
0
0
0
0
0
0
0
0
0
0
0
