361.5152798
367.6035521
376.2749621
393.1561551
403.3607979
417.122397
429.2489713
440.6343485
452.6293063
463.8861707
474.8608454
485.9666763
496.2419605
507.7316679
518.6629203
525.1343423
527.9202556
535.5211846
543.209772
548.5536731
1252.03692368
1434.279161
1614.54686807
1809.4747466
1893.14889419
1908.43642469
1926.31502081
1936.98958691
1956.74885237
2001.88813601
2009.80051301
2020.67465321
2039.56634405
2093.37044825
2095.32928205
2113.76870525
2114.12500625
2115.20598725
2126.46676403
2126.10154313
2149.14852533
2161.84595843
2172.30683303
2192.11686173
2192.60612963
2207.49148451
2221.43236751
2226.11803751
2246.31007751
2251.04013911
2253.74640311
2271.79047971
2273.35656071
2299.02858731
2314.7101883
2320.32431891
2321.1957674
2331.5355254
2353.0994183
2371.21595201
2377.09605701
2393.19443216
2407.1126402
2414.44928171
2444.48438384
2475.39099683
2487.08340272
2495.28852272
2494.43425172
2504.10665072
2507.02773482
2514.81527282
2514.20048282
2545.95443682
2552.71494882
2553.65010282
2557.72058682
2570.30190282
2588.91024972
2592.89074272
2594.75560572
2593.39405772
2594.07418772
2594.90776872
2599.50087372
2603.98596972
2624.07973836
2624.31516036
2628.72739236
2639.03754936
2641.60511436
2643.46997736
2642.99772224
2679.7518013
2676.13193064
2683.04672424
2686.14006624
2689.48636524
2691.50507424
2690.04819024
2688.25068194
2692.87635794
2708.24340524
2704.19876024
2714.22647024
2719.52475224
2726.29407524
2743.12031324
2749.29949724
2749.34851412
2782.18486996
2783.38864066
2786.0374807
2795.5350457
2796.3302137
2796.55802458
2804.85264058
2813.22549628
2831.58947326
2839.43154046
2841.65814946
2845.18710346
2859.56292346
2859.56292346
2859.86934034
2864.54653
2869.6651916
2880.5051976
2889.77770194
2910.10362242
2912.63703242
2912.63703242
2912.63703242
2913.38501108
2915.61162008
2924.65124078
2933.56220988
2938.29539988
2944.85943054
2956.77612164
2961.25457964
2969.73639573
2979.48334173
2990.81349573
2992.49748573
2997.22334577
3011.97256477
3018.21768277
3023.21054477
3023.21054477
3030.91917977
3031.32309977
3048.23966043
3052.85315943
3055.55942343
3058.24493109
3066.55304785
3071.01338494
3071.06289694
3073.98755494
3073.98755494
3078.8892865
3078.8892865
3087.6869215
3088.38506404
3095.43383236
3105.0904963
3111.5588433
3113.0211723
3117.9645492
3124.3951599
3124.3951599
3135.0092469
3139.2743649
3139.2743649
3139.6017686
3139.6017686
3139.6017686
3139.6017686
3144.1342856
3148.3994036
3148.3994036
3148.3994036
3148.3994036
3148.3994036
3148.4176996
3149.8800286
3149.8800286
3149.8800286
3149.8800286
3149.8800286
3149.8983246
3149.8983246
3149.8983246
3149.8983246
3149.8983246
3149.8983246
3149.8983246
3149.8983246
3149.8983246
3149.8983246
3149.8983246
3149.8983246
3149.8983246
3149.8983246
3149.8983246
3149.8983246
3149.8983246
3149.8983246
3149.8983246
3149.8983246
3149.8983246
3149.8983246
3149.8983246
3149.8983246
3149.8983246
3149.8983246
3149.8983246
3149.8983246
3149.8983246
3149.8983246
3149.8983246
3149.8983246
3149.8983246
3149.8983246
3149.8983246
3149.8983246
3149.8983246
3149.8983246
3149.8983246
3149.8983246
3149.8983246
3149.8983246
3149.8983246
3149.8983246
3149.8983246
3149.8983246
3149.8983246
3149.8983246
3149.8983246
3149.8983246
3149.8983246
3149.8983246
3149.8983246
3149.8983246
3149.8983246
3149.8983246
3149.8983246
3149.8983246
3149.8983246
3149.8983246
3149.8983246
3149.8983246
3149.8983246
3149.8983246
3149.8983246
3149.8983246
3149.8983246
3149.8983246
3149.8983246
3149.8983246
3149.8983246
3149.8983246
3149.8983246
3149.8983246
3149.8983246
3149.8983246
3149.8983246
3149.8983246
3149.8983246
3149.8983246
3149.8983246
3149.8983246
3149.8983246
3149.8983246
3149.8983246
3149.8983246
3149.8983246
3149.8983246
3149.8983246
3149.8983246
3149.8983246
3149.8983246
3149.8983246
3149.8983246
3149.8983246
3149.8983246
3149.8983246
3149.8983246
3149.8983246
3149.8983246
3149.8983246
3149.8983246
3149.8983246
3149.8983246
3149.8983246
3149.8983246
3149.8983246
3149.8983246
3149.8983246
3149.8983246
3149.8983246
3149.8983246
3149.8983246
3149.8983246
3149.8983246
3149.8983246
3149.8983246
3149.8983246
3149.8983246
3149.8983246
3149.8983246
3149.8983246
3149.8983246
3149.8983246
3149.8983246
3149.8983246
3149.8983246
3149.8983246
3149.8983246
3149.8983246
3149.8983246
3149.8983246
3149.8983246
3149.8983246
3149.8983246
3149.8983246
3149.8983246
3149.8983246
3149.8983246
3149.8983246
3149.8983246
3149.8983246
3149.8983246
3149.8983246
3149.8983246
3149.8983246
3149.8983246
3149.8983246
3149.8983246
3149.8983246
3149.8983246
3149.8983246
3149.8983246
3149.8983246
3149.8983246
3149.8983246
3149.8983246
3149.8983246
3149.8983246
3149.8983246
3149.8983246
3149.8983246
3149.8983246
3149.8983246
3149.8983246
3149.8983246
3149.8983246
3149.8983246
3149.8983246
