-31.8172173
-31.8150839
-31.8150839
-31.7720639
-31.7501199
-31.7286099
-31.5702492
-31.4614051
-31.0661249
-30.2657315
-29.093453
-28.0885654
-26.9804134
-25.789118
-25.4630807
-25.014207
-24.4274114
-24.05130249
-23.3518429
-22.43303389
-19.16930708
-17.3284764
-15.50759047
-13.538622
-12.69342859
-12.53900909
-12.35841721
-12.25059331
-12.05100477
-11.59505241
-11.51512941
-11.40528961
-11.21446445
-10.67098865
-10.65120245
-10.46494565
-10.46134665
-10.45042765
-10.33668243
-10.34037153
-10.10757373
-9.97931683
-9.87365143
-9.67355013
-9.66860803
-9.51825091
-9.37743391
-9.33010391
-9.12614391
-9.07836551
-9.05102951
-8.86876611
-8.85294711
-8.59363371
-8.4352337
-8.37852531
-8.3697228
-8.2652808
-8.0474637
-7.86446841
-7.80507341
-7.64246356
-7.5018756
-7.42776811
-7.12438324
-6.81219523
-6.69409012
-6.61121012
-6.61983912
-6.52213812
-6.49263222
-6.41397022
-6.42018022
-6.09953422
-6.03124622
-6.02180022
-5.98068422
-5.85360022
-5.66563712
-5.62543012
-5.60659312
-5.62024512
-5.61337512
-5.60505612
-5.55866112
-5.51335712
-5.31038976
-5.30801176
-5.26344376
-5.15930076
-5.13336576
-5.11452876
-5.11931264
-4.7481467
-4.78461004
-4.71476364
-4.68351276
-4.64971176
-4.62932076
-4.64403676
-4.66217186
-4.61544786
-4.46022516
-4.50108016
-4.39979016
-4.34627216
-4.27789516
-4.10793316
-4.04551716
-4.04502204
-3.71344084
-3.70128154
-3.67452558
-3.57859058
-3.57055858
-3.56825746
-3.48447346
-3.39989916
-3.21441426
-3.13520146
-3.11271046
-3.07706446
-2.93184434
-2.93184434
-2.92874922
-2.88150488
-2.82987884
-2.72048484
-2.62682318
-2.4215127
-2.3959227
-2.3959227
-2.3959227
-2.38836736
-2.36587636
-2.27456706
-2.18465328
-2.13684328
-2.07053994
-1.95020812
-1.90499272
-1.81931781
-1.72086381
-1.60641781
-1.58940781
-1.54167185
-1.39279085
-1.32970885
-1.27929745
-1.27929745
-1.20143245
-1.19735245
-1.02657911
-0.97997811
-0.95264211
-0.92551577
-0.84170141
-0.7966475
-0.79615238
-0.76661038
-0.76661038
-0.71709794
-0.71709794
-0.62823294
-0.62124136
-0.55004168
-0.45249962
-0.38720658
-0.37243558
-0.32250248
-0.25760218
-0.25760218
-0.15038918
-0.10730718
-0.10730718
-0.10400192
-0.10400192
-0.10400192
-0.10400192
-0.05821892
-0.01513692
-0.01513692
-0.01513692
-0.01513692
-0.01513692
-0.01495396
-0.00018296
-0.00018296
-0.00018296
-0.00018296
-0.00018296
0.0
0.0
0.0
0.0
0.0
0.0
0.0
0.0
0.0
0.0
0.0
0.0
0.0
0.0
0.0
0.0
0.0
0.0
0.0
0.0
0.0
0.0
0.0
0.0
0.0
0.0
0.0
0.0
0.0
0.0
0.0
0.0
0.0
0.0
0.0
0.0
0.0
0.0
0.0
0.0
0.0
0.0
0.0
0.0
0.0
0.0
0.0
0.0
0.0
0.0
0.0
0.0
0.0
0.0
0.0
0.0
0.0
0.0
0.0
0.0
0.0
0.0
0.0
0.0
0.0
0.0
0.0
0.0
0.0
0.0
0.0
0.0
0.0
0.0
0.0
0.0
0.0
0.0
0.0
0.0
0.0
0.0
0.0
0.0
0.0
0.0
0.0
0.0
0.0
0.0
0.0
0.0
0.0
0.0
0.0
0.0
0.0
0.0
0.0
0.0
0.0
0.0
0.0
0.0
0.0
0.0
0.0
0.0
0.0
0.0
0.0
0.0
0.0
0.0
0.0
0.0
0.0
0.0
0.0
0.0
0.0
0.0
0.0
0.0
0.0
0.0
0.0
0.0
0.0
0.0
0.0
0.0
0.0
0.0
0.0
0.0
0.0
0.0
0.0
0.0
0.0
0.0
0.0
0.0
0.0
0.0
0.0
0.0
0.0
0.0
0.0
0.0
0.0
0.0
0.0
0.0
0.0
0.0
0.0
0.0
0.0
0.0
0.0
0.0
0.0
0.0
0.0
0.0
0.0
