-25.0280447942
-25.0280447942
-25.0280447942
-24.6280447942
-24.6280447942
-24.6280447942
-24.6280447942
-24.6280447942
-24.2280447942
-24.0802600463
-24.0802600463
-23.8478692356
-23.5099170949
-23.2335794418
-23.2335794418
-23.2335794418
-23.2335794418
-22.8354906269
-22.8354906269
-22.835490501
-22.835490501
-22.8175211195
-22.8175211195
-22.8175211195
-22.8175211195
-22.8175211195
-22.8175211195
-22.8175211195
-22.72159102
-22.3661330228
-22.3661330228
-22.3661330228
-22.356064148
-22.3097560768
-21.9978210996
-21.9978210996
-21.7543863515
-21.7512743785
-21.6055651997
-21.2521725114
-20.8521725114
-20.8521725114
-20.8521725114
-20.6533943879
-20.6533943879
-20.6533943879
-20.6533943879
-20.2860345169
-20.2860345169
-19.8303045169
-19.7356945169
-19.5371403254
-19.5371403254
-19.5371403254
-19.5371403254
-19.5371403254
-19.4435175782
-19.4435175782
-19.4435175782
-19.4435175782
-19.4435175782
-19.4435175782
-19.4435175782
-19.0564237039
-19.0564237039
-19.0380237039
-19.0380237039
-18.6660401501
-18.6660401501
-18.4824160043
-18.2928493005
-18.2928493005
-18.2928493005
-18.0103431608
-17.7026891651
-17.7026891651
-17.7026891651
-17.5132131178
-17.4996491125
-17.4996491125
-17.4809867198
-17.4809867198
-17.4809867198
-17.4809867198
-17.0809867198
-16.8663222801
-16.593926602
-16.593926602
-16.593926602
-16.593926602
-16.5076093732
-16.5076093732
-16.1076093732
-16.1076093732
-16.1076093732
-16.1076093732
-15.7211491092
-15.7211491092
-15.6998151092
-15.3793662639
-15.0325089065
-14.2905341269
-14.2905341269
-14.1685923473
-13.6208228783
-13.6208228783
-13.6208228783
-13.6208228783
-13.6208228783
-13.6208228783
-13.3459675369
-13.3459675369
-13.3459675369
-13.3459675369
-13.3459675369
-12.973140166
-12.973140166
-12.973140166
-12.973140166
-12.973140166
-12.973140166
-12.973140166
-12.973140166
-12.6105202379
-12.5810390708
-12.5810390708
-12.5480459825
-12.5480459825
-10.8530959825
-10.8530959825
-10.4948790613
-9.76964239761
-9.76964239761
-9.76964239761
-9.32805239761
-8.56478356598
-8.56478356598
-8.56478356598
-8.56478356598
-8.56478356598
-8.50695356598
-8.50695356598
-8.50695356598
-7.36478356598
-7.36478356598
-7.36478356598
-7.31860047175
-7.31860047175
-7.31860047175
-7.31860047175
-7.31860047175
-7.31860047175
-7.09368246471
-7.09368246471
-6.69368246471
-6.64168659358
-6.64168659358
-6.64168659358
-6.24168659358
-6.24168659358
-6.24168659358
-5.84168659359
-5.84168659359
-5.84168659359
-5.84168659359
-5.84168659359
-5.84168659359
-5.84168659359
-5.84168659359
-5.84168659359
-5.84168659359
-5.84168659359
-5.84168659359
-5.63997659359
-5.63997659359
-5.63997659359
-5.63997659359
-5.63997659359
-5.63997659359
-5.63997659359
-5.63997659359
-5.63997659359
-5.63997659359
-5.63997659359
-5.23997659359
-5.23997659359
-3.60438794147
-3.60438794147
-3.60438794147
-3.40582794147
-2.71215987208
-2.71215987208
-2.71215987208
-2.71215987208
-2.71215987208
-2.71215987208
-2.71215987208
-2.71215987208
-2.71215987208
-2.71215987208
-2.71215987208
-2.71215987208
-2.71215987208
-2.71215987208
-2.31215987208
-2.31215987208
-2.31215987208
-2.31215987208
-2.31215987208
-2.31215987208
-2.31215987208
-2.31215987208
-2.31215987208
-2.31215987208
-2.31215987208
-2.31215987208
-2.31215987208
-2.31215987208
-2.31215987208
-2.31215987208
-2.31215987208
-2.31215987208
-1.95374987215
-1.95374987215
-1.95374987215
-1.70695691226
-1.70695691226
-1.26002265367
-1.26002265367
-1.17976592403
-1.17976592403
-1.17976592403
-1.17976592403
-1.17976592403
-1.17976592403
-1.17976592403
-1.17976592403
-1.17976592403
-1.17976592403
-1.17976592403
-1.17976592403
-1.17976592403
-0.404951199999
-0.404951199999
0
0
0
0
0
0
0
0
0
0
0
0
0
0
0
0
0
0
0
0
0
0
0
0
0
0
0
0
0
0
0
0
0
0
0
0
0
0
0
0
0
0
0
0
0
0
0
0
0
0
0
0
0
0
0
0
0
0
0
0
0
0
0
0
0
0
0
0
0
0
0
0
0
0
0
0
0
0
0
0
0
0
0
0
0
0
0
0
0
0
0
0
0
0
0
0
0
0
0
0
0
0
0
0
0
0
0
0
0
0
0
0
0
0
0
0
