3.5527136788e-13
3.5527136788e-13
3.5527136788e-13
3.5527136788e-13
3.5527136788e-13
3.5527136788e-13
3.5527136788e-13
3.5527136788e-13
3.5527136788e-13
3.5527136788e-13
3.5527136788e-13
3.5527136788e-13
3.5527136788e-13
3.5527136788e-13
29.443
29.443
29.443
29.443
29.443
29.443
29.443
29.443
29.443
67.7254896636
67.7254896636
67.7254896636
67.7254896636
67.7254896636
67.7254896636
67.7254896636
85.8858719156
86.6820957738
86.6820957738
86.6820957738
86.6820957738
172.255095774
172.255095774
172.255095774
172.255095774
199.980275092
199.980275092
205.461275092
205.461275092
205.461275092
205.461275092
205.461275092
205.461275092
205.461275092
205.461275092
205.461275092
205.461275092
223.508275092
223.508275092
223.508275092
223.508275092
223.508275092
264.705275092
264.705275092
264.705275092
310.488275092
310.488275092
312.621675092
319.34990611
319.34990611
319.34990611
319.34990611
319.34990611
319.34990611
406.51590611
406.51590611
596.4419
596.4419
596.4419
596.4419
596.4419
596.4419
596.4419
596.4419
596.4419
596.4419
596.4419
596.4419
596.4419
596.4419
596.4419
596.4419
596.4419
596.4419
596.4419
616.6129
616.6129
616.6129
696.6129
696.6129
729.697668982
729.697668982
809.697668982
809.697668982
809.697668982
809.697668982
809.697668982
809.697668982
809.697668982
809.697668982
809.697668982
809.697668982
828.405668982
828.405668982
828.405668982
900.767668982
900.767668982
900.767668982
900.767668982
900.767668982
900.767668982
900.767668982
937.434668982
937.434668982
952.236668982
952.236668982
972.122668982
1052.12266898
1052.12266898
1221.58366898
1221.58366898
1261.54166898
1261.54166898
1289.71166898
1289.71166898
1290.23200898
1290.23200898
1290.23200898
1321.50821826
1321.50821826
1387.11221826
1387.11221826
1387.11221826
1399.14621826
1399.14621826
1399.14621826
1399.14621826
1399.14621826
1427.78154928
1427.78154928
1427.78154928
1427.78154928
1427.78154928
1427.78154928
1427.78154928
1427.78154928
1427.78154928
1457.14754928
1605.11354928
1605.11354928
1620.48754928
1641.99754928
1671.28254928
1671.28254928
1671.28254928
1671.28254928
1671.28254928
1671.28254928
1731.39654928
1731.39654928
1731.39654928
1751.25254928
1751.25254928
1753.09254928
1753.09254928
1753.09254928
1753.09254928
1753.09254928
1753.09254928
1775.03654928
1814.28854928
1897.91866928
1897.91866928
1897.91866928
1897.91866928
1897.91866928
1897.91866928
1978.29966928
1978.29966928
1978.29966928
1978.29966928
1978.29966928
1978.29966928
2070.33366928
2150.33366928
2150.33366928
2150.33366928
2150.33366928
2150.33366928
2150.33366928
2150.33366928
2150.33366928
2289.24566928
2289.24566928
2289.24566928
2289.24566928
2289.24566928
2289.24566928
2289.24566928
2289.24566928
2289.24566928
2289.24566928
2289.24566928
2289.24566928
2289.24566928
2289.24566928
2289.24566928
2289.24566928
2289.24566928
2289.24566928
2289.24566928
2289.24566928
2289.24566928
2289.24566928
2289.24566928
2289.24566928
2380.70866928
2380.70866928
2380.70866928
2462.18855561
2462.18855561
2462.18855561
2462.18855561
2539.58342
2619.56242
2619.56242
2619.56242
2619.56242
2731.07113
2731.07113
2941.72173
2941.72173
2941.72173
2941.72173
2941.72173
2941.72173
2941.72173
2941.72173
2941.72173
2941.72173
2941.72173
2941.72173
2981.62752072
2981.62752072
3181.72173
3181.72173
3181.72173
3181.72173
3181.72173
3181.72173
3181.72173
3181.72173
3181.72173
3181.72173
3181.72173
3181.72173
3181.72173
3181.72173
3181.72173
3181.72173
3181.72173
3181.72173
3181.72173
3181.72173
3181.72173
3181.72173
3181.72173
3181.72173
3181.72173
3181.72173
3181.72173
3181.72173
3181.72173
3181.72173
3181.72173
3181.72173
3181.72173
3181.72173
3181.72173
3181.72173
3181.72173
3181.72173
3181.72173
3181.72173
3181.72173
3181.72173
3181.72173
3181.72173
3181.72173
3181.72173
3181.72173
3181.72173
3181.72173
3181.72173
3181.72173
3181.72173
3181.72173
3181.72173
3181.72173
3181.72173
3181.72173
3181.72173
3181.72173
3181.72173
3181.72173
3181.72173
3181.72173
3181.72173
3181.72173
3181.72173
3181.72173
3181.72173
3181.72173
3181.72173
3181.72173
3181.72173
3181.72173
3181.72173
3181.72173
3181.72173
3181.72173
3181.72173
3181.72173
3181.72173
3181.72173
3181.72173
3181.72173
3181.72173
3181.72173
3181.72173
3181.72173
3181.72173
3181.72173
3181.72173
3181.72173
3181.72173
3181.72173
3181.72173
3181.72173
3181.72173
3181.72173
3181.72173
3181.72173
3181.72173
3181.72173
3181.72173
3181.72173
3181.72173
3181.72173
3181.72173
3181.72173
3181.72173
3181.72173
3181.72173
3181.72173
3181.72173
