1612.106365
1612.106365
1612.106365
1612.106365
1612.106365
1612.106365
1612.106365
1612.106365
1612.106365
1612.106365
1612.106365
1612.106365
1612.106365
1629.05747894
1629.05747894
1629.05747894
1644.74673247
1644.74673247
1647.52698481
1647.52698481
1647.52698481
1662.24848481
1682.15498481
1682.15498481
1682.15498481
1682.15498481
1682.15498481
1682.15498481
1682.15498481
1682.15498481
1682.15498481
1682.15498481
1682.15498481
1682.15498481
1682.15498481
1684.31699067
1684.31699067
1684.31699067
1684.31699067
1684.31699067
1684.31699067
1684.31699067
1684.31699067
1684.31699067
1684.31699067
1684.31699067
1684.31699067
1684.31699067
1698.95949067
1700.02619067
1700.02619067
1700.02619067
1721.56719067
1721.56719067
1721.56719067
1721.56719067
1721.56719067
1721.56719067
1721.56719067
1721.56719067
1721.56719067
1721.56719067
1745.92999145
1746.84999145
1753.52496913
1753.52496913
1753.52496913
1753.52496913
1763.84533412
1763.84533412
1794.41366014
1794.41366014
1794.41366014
1794.41366014
1794.41366014
1794.41366014
1830.58951325
1830.58951325
1830.58951325
1830.58951325
1848.97859917
1926.10701325
1926.10701325
1935.84239847
1935.84239847
1960.88389847
1960.88389847
1973.65870031
1973.65870031
2002.54107464
2002.54107464
2042.54107464
2069.5259728
2069.5259728
2088.14311811
2088.14311811
2088.14311811
2108.01361811
2108.01361811
2108.01361811
2108.01361811
2108.01361811
2108.01361811
2117.15356811
2199.73406811
2212.85106811
2212.85106811
2220.23656811
2220.23656811
2220.23656811
2220.23656811
2247.17961811
2247.17961811
2265.00261811
2290.46161811
2290.46161811
2301.432765
2305.820765
2345.820765
2345.820765
2391.831265
2391.831265
2511.831265
2524.231265
2524.231265
2546.310765
2546.310765
2546.310765
2546.310765
2546.310765
2546.310765
2546.310765
2546.310765
2546.310765
2564.43395615
2564.43395615
2564.43395615
2564.43395615
2584.67263025
2584.67263025
2584.67263025
2584.67263025
2584.67263025
2586.71263025
2586.71263025
2586.71263025
2586.71263025
2586.71263025
2586.71263025
2586.71263025
2586.71263025
2586.71263025
2586.71263025
2597.89255431
2612.13755431
2612.13755431
2652.13755431
2652.13755431
2653.43755431
2653.43755431
2725.84063025
2725.84063025
2725.84063025
2725.84063025
2725.84063025
2725.84063025
2725.84063025
2765.84063025
2765.84063025
2767.65261025
2767.65261025
2767.65261025
2767.65261025
2767.65261025
2784.52861025
2784.52861025
2944.52861025
2944.52861025
2944.52861025
2944.52861025
2944.52861025
2952.12553431
2952.12553431
2952.12553431
2952.12553431
2952.12553431
2952.12553431
2952.12553431
2987.78893615
2987.78893615
2987.78893615
2987.78893615
2987.78893615
2987.78893615
2987.78893615
2987.78893615
2987.78893615
3048.34693615
3048.34693615
3048.34693615
3048.34693615
3048.34693615
3048.34693615
3048.34693615
3107.70819115
3107.70819115
3107.70819115
3107.70819115
3107.70819115
3107.70819115
3107.70819115
3107.70819115
3107.70819115
3107.70819115
3121.88392115
3121.88392115
3121.88392115
3121.88392115
3121.88392115
3181.72173
3181.72173
3181.72173
3181.72173
3181.72173
3181.72173
3181.72173
3181.72173
3181.72173
3181.72173
3181.72173
3181.72173
3181.72173
3181.72173
3181.72173
3181.72173
3181.72173
3181.72173
3181.72173
3181.72173
3181.72173
3181.72173
3181.72173
3181.72173
3181.72173
3181.72173
3181.72173
3181.72173
3181.72173
3181.72173
3181.72173
3181.72173
3181.72173
3181.72173
3181.72173
3181.72173
3181.72173
3181.72173
3181.72173
3181.72173
3181.72173
3181.72173
3181.72173
3181.72173
3181.72173
3181.72173
3181.72173
3181.72173
3181.72173
3181.72173
3181.72173
3181.72173
3181.72173
3181.72173
3181.72173
3181.72173
3181.72173
3181.72173
3181.72173
3181.72173
3181.72173
3181.72173
3181.72173
3181.72173
3181.72173
3181.72173
3181.72173
3181.72173
3181.72173
3181.72173
3181.72173
3181.72173
3181.72173
3181.72173
3181.72173
3181.72173
3181.72173
3181.72173
3181.72173
3181.72173
3181.72173
3181.72173
3181.72173
3181.72173
3181.72173
3181.72173
3181.72173
3181.72173
3181.72173
3181.72173
3181.72173
3181.72173
3181.72173
3181.72173
3181.72173
3181.72173
3181.72173
3181.72173
3181.72173
3181.72173
3181.72173
3181.72173
3181.72173
3181.72173
3181.72173
3181.72173
3181.72173
3181.72173
3181.72173
3181.72173
3181.72173
3181.72173
3181.72173
3181.72173
3181.72173
3181.72173
3181.72173
3181.72173
3181.72173
3181.72173
3181.72173
3181.72173
3181.72173
3181.72173
3181.72173
3181.72173
3181.72173
3181.72173
3181.72173
3181.72173
3181.72173
3181.72173
3181.72173
3181.72173
3181.72173
3181.72173
3181.72173
3181.72173
3181.72173
3181.72173
3181.72173
