-31.8172173
-31.8172173
-31.8172173
-31.8172173
-31.8172173
-31.8172173
-31.8172173
-31.8172173
-31.8172173
-31.8172173
-31.8172173
-31.8172173
-31.8172173
-31.8172173
-31.5227873
-31.5227873
-31.5227873
-31.5227873
-31.5227873
-31.5227873
-31.5227873
-31.5227873
-31.5227873
-31.1399624034
-31.1399624034
-31.1399624034
-31.1399624034
-31.1399624034
-31.1399624034
-31.1399624034
-30.9583585808
-30.9503963423
-30.9503963423
-30.9503963423
-30.9503963423
-30.0946663423
-30.0946663423
-30.0946663423
-30.0946663423
-29.8174145491
-29.8174145491
-29.7626045491
-29.7626045491
-29.7626045491
-29.7626045491
-29.7626045491
-29.7626045491
-29.7626045491
-29.7626045491
-29.7626045491
-29.7626045491
-29.5821345491
-29.5821345491
-29.5821345491
-29.5821345491
-29.5821345491
-29.1701645491
-29.1701645491
-29.1701645491
-28.7123345491
-28.7123345491
-28.6910005491
-28.6237182389
-28.6237182389
-28.6237182389
-28.6237182389
-28.6237182389
-28.6237182389
-27.7520582389
-27.7520582389
-25.8527983
-25.8527983
-25.8527983
-25.8527983
-25.8527983
-25.8527983
-25.8527983
-25.8527983
-25.8527983
-25.8527983
-25.8527983
-25.8527983
-25.8527983
-25.8527983
-25.8527983
-25.8527983
-25.8527983
-25.8527983
-25.8527983
-25.6510883
-25.6510883
-25.6510883
-24.8510883
-24.8510883
-24.5202406102
-24.5202406102
-23.7202406102
-23.7202406102
-23.7202406102
-23.7202406102
-23.7202406102
-23.7202406102
-23.7202406102
-23.7202406102
-23.7202406102
-23.7202406102
-23.5331606102
-23.5331606102
-23.5331606102
-22.8095406102
-22.8095406102
-22.8095406102
-22.8095406102
-22.8095406102
-22.8095406102
-22.8095406102
-22.4428706102
-22.4428706102
-22.2948506102
-22.2948506102
-22.0959906102
-21.2959906102
-21.2959906102
-19.6013806102
-19.6013806102
-19.2018006102
-19.2018006102
-18.9201006102
-18.9201006102
-18.9148972102
-18.9148972102
-18.9148972102
-18.6021351174
-18.6021351174
-17.9460951174
-17.9460951174
-17.9460951174
-17.8257551174
-17.8257551174
-17.8257551174
-17.8257551174
-17.8257551174
-17.5394018072
-17.5394018072
-17.5394018072
-17.5394018072
-17.5394018072
-17.5394018072
-17.5394018072
-17.5394018072
-17.5394018072
-17.2457418072
-15.7660818072
-15.7660818072
-15.6123418072
-15.3972418072
-15.1043918072
-15.1043918072
-15.1043918072
-15.1043918072
-15.1043918072
-15.1043918072
-14.5032518072
-14.5032518072
-14.5032518072
-14.3046918072
-14.3046918072
-14.2862918072
-14.2862918072
-14.2862918072
-14.2862918072
-14.2862918072
-14.2862918072
-14.0668518072
-13.6743318072
-12.8380306072
-12.8380306072
-12.8380306072
-12.8380306072
-12.8380306072
-12.8380306072
-12.0342206072
-12.0342206072
-12.0342206072
-12.0342206072
-12.0342206072
-12.0342206072
-11.1138806072
-10.3138806072
-10.3138806072
-10.3138806072
-10.3138806072
-10.3138806072
-10.3138806072
-10.3138806072
-10.3138806072
-8.92476060718
-8.92476060718
-8.92476060718
-8.92476060718
-8.92476060718
-8.92476060718
-8.92476060718
-8.92476060718
-8.92476060718
-8.92476060718
-8.92476060718
-8.92476060718
-8.92476060718
-8.92476060718
-8.92476060718
-8.92476060718
-8.92476060718
-8.92476060718
-8.92476060718
-8.92476060718
-8.92476060718
-8.92476060718
-8.92476060718
-8.92476060718
-8.01013060718
-8.01013060718
-8.01013060718
-7.19533174395
-7.19533174395
-7.19533174395
-7.19533174395
-6.4213831
-5.6215931
-5.6215931
-5.6215931
-5.6215931
-4.506506
-4.506506
-2.4
-2.4
-2.4
-2.4
-2.4
-2.4
-2.4
-2.4
-2.4
-2.4
-2.4
-2.4
-2.00094209282
-2.00094209282
0
0
0
0
0
0
0
0
0
0
0
0
0
0
0
0
0
0
0
0
0
0
0
0
0
0
0
0
0
0
0
0
0
0
0
0
0
0
0
0
0
0
0
0
0
0
0
0
0
0
0
0
0
0
0
0
0
0
0
0
0
0
0
0
0
0
0
0
0
0
0
0
0
0
0
0
0
0
0
0
0
0
0
0
0
0
0
0
0
0
0
0
0
0
0
0
0
0
0
0
0
0
0
0
0
0
0
0
0
0
0
0
