-31.7988173
-31.7988173
-31.7988173
-31.7988173
-31.7988173
-31.7988173
-31.7988173
-30.9430873
-30.9430873
-30.9430873
-30.9430873
-30.9170873
-30.9170873
-30.9170873
-30.9170873
-30.9170873
-30.9170873
-30.9170873
-30.9170873
-30.9170873
-30.9170873
-30.9170873
-30.9170873
-30.9170873
-30.9170873
-30.9170873
-30.9170873
-30.9170873
-30.9170873
-30.9170873
-30.9118839
-30.9118839
-30.9118839
-30.9118839
-30.9118839
-30.9118839
-30.9118839
-30.9118839
-30.9118839
-29.8039139
-29.8039139
-29.8039139
-29.8039139
-29.8039139
-29.8039139
-29.8039139
-29.8039139
-29.8039139
-29.8039139
-29.8039139
-29.8039139
-29.8039139
-29.8039139
-29.8039139
-29.8039139
-29.6562039
-29.6562039
-29.6562039
-29.6562039
-29.6562039
-29.6562039
-29.6562039
-29.6562039
-29.6562039
-29.6562039
-29.6562039
-29.6562039
-29.6562039
-29.6562039
-29.6562039
-29.6562039
-29.6562039
-29.6562039
-29.6562039
-29.6562039
-29.6562039
-29.6562039
-29.6562039
-29.6562039
-28.7633899
-28.7633899
-28.7633899
-28.7633899
-28.5439499
-28.5439499
-28.5439499
-28.5439499
-28.5439499
-28.5439499
-28.5439499
-26.3180299
-26.3180299
-26.3180299
-26.3180299
-25.5820099
-25.5820099
-25.5820099
-24.9549639
-24.9549639
-24.9549639
-24.9549639
-24.9549639
-24.9549639
-24.4126939
-23.7703639
-23.7703639
-23.7703639
-23.7703639
-23.7703639
-23.7703639
-23.7703639
-23.7703639
-22.9340627
-22.9340627
-22.9340627
-22.3056927
-22.3056927
-22.3056927
-21.1998927
-21.1998927
-21.1998927
-21.1998927
-21.1998927
-21.1998927
-21.1998927
-21.1998927
-21.1998927
-21.0911227
-21.0911227
-21.0911227
-20.8925627
-20.8925627
-20.8925627
-20.8925627
-18.6162196
-18.6162196
-18.6162196
-18.6162196
-18.6162196
-18.6162196
-18.6162196
-18.6162196
-18.2042496
-18.2042496
-18.2042496
-18.2042496
-17.8556696
-17.8556696
-17.8556696
-17.8556696
-17.8556696
-17.1062096
-17.1062096
-17.1062096
-17.1062096
-17.1062096
-16.19807
-16.19807
-16.19807
-16.19807
-16.19807
-16.19807
-16.19807
-16.19807
-16.19807
-16.19807
-16.19807
-16.19807
-16.19807
-16.19807
-16.19807
-16.19807
-16.19807
-16.19807
-16.19807
-15.48707
-15.48707
-15.48707
-15.48707
-15.48707
-15.48707
-15.48707
-15.48707
-15.48707
-15.48707
-15.48707
-15.48707
-15.48707
-15.48707
-15.48707
-15.48707
-15.48707
-15.48707
-15.48707
-15.48707
-15.48707
-15.48707
-14.10377
-13.377
-13.377
-13.377
-13.377
-13.377
-13.377
-13.377
-13.377
-13.377
-13.377
-13.041181
-13.041181
-13.041181
-13.041181
-10.713841
-10.475491
-10.475491
-10.475491
-10.475491
-10.475491
-10.475491
-10.475491
-10.475491
-10.198181
-10.198181
-10.198181
-10.198181
-9.547811
-9.547811
-7.988591
-7.988591
-7.988591
-7.636461
-7.636461
-7.636461
-7.636461
-5.35803
-5.35803
-5.35803
-5.35803
-2.99625
-2.99625
-2.99625
-2.99625
-2.99625
-2.99625
-2.99625
-2.99625
-2.99625
-2.99625
-2.99625
-2.99625
-2.99625
-2.99625
-2.99625
-2.99625
0
0
0
0
0
0
0
0
0
0
0
0
0
0
0
0
0
0
0
0
0
0
0
0
0
0
0
0
0
0
0
0
0
0
0
0
0
0
0
0
0
0
0
0
0
0
0
0
0
0
0
0
0
0
0
0
0
0
0
0
0
0
0
0
0
0
0
0
0
0
0
0
0
0
0
0
0
0
0
0
0
0
0
0
0
0
0
0
0
0
0
0
0
0
0
0
0
0
0
0
0
0
0
0
0
0
