3.5527136788e-13
3.5527136788e-13
3.5527136788e-13
3.5527136788e-13
3.5527136788e-13
3.5527136788e-13
3.5527136788e-13
3.5527136788e-13
3.5527136788e-13
3.5527136788e-13
3.5527136788e-13
3.5527136788e-13
3.5527136788e-13
3.5527136788e-13
3.5527136788e-13
3.5527136788e-13
3.5527136788e-13
3.5527136788e-13
3.5527136788e-13
3.5527136788e-13
3.5527136788e-13
3.5527136788e-13
3.5527136788e-13
3.5527136788e-13
3.5527136788e-13
3.5527136788e-13
3.5527136788e-13
3.5527136788e-13
3.5527136788e-13
29.443
29.443
29.443
29.443
29.443
29.443
29.443
29.443
29.443
29.443
29.443
29.443
29.443
29.443
29.443
29.443
49.329
49.329
49.329
49.329
49.329
49.329
49.329
49.329
49.329
49.329
49.329
49.329
49.329
49.329
49.329
49.329
49.329
49.329
136.495
177.692
177.692
177.692
177.692
177.692
177.692
177.692
177.692
177.692
177.692
197.230951701
201.464995399
201.464995399
201.464995399
201.464995399
201.464995399
201.464995399
201.464995399
201.464995399
201.464995399
201.464995399
245.623995399
378.988295399
378.988295399
378.988295399
378.988295399
387.361195399
387.361195399
387.361195399
387.361195399
387.361195399
387.361195399
387.361195399
387.361195399
387.361195399
387.361195399
387.361195399
387.361195399
387.361195399
387.361195399
439.116005399
439.116005399
439.116005399
439.116005399
439.116005399
439.116005399
439.116005399
439.116005399
439.116005399
439.116005399
469.217318608
469.217318608
469.217318608
469.217318608
469.217318608
543.404005399
563.260005399
563.260005399
563.260005399
563.260005399
563.260005399
563.260005399
563.260005399
570.044005399
635.35601
635.35601
635.35601
692.15201
802.11801
802.11801
802.11801
812.99501
812.99501
914.77601
914.77601
914.77601
914.77601
922.394416304
1026.21561585
1043.67397
1043.67397
1043.67397
1043.67397
1254.63197
1254.63197
1254.63197
1283.75997
1283.75997
1283.75997
1283.75997
1315.94288931
1315.94288931
1339.38107
1354.63197
1490.39897
1490.39897
1507.58209069
1507.58209069
1507.58209069
1507.58209069
1582.52809069
1582.52809069
1582.52809069
1582.52809069
1582.52809069
1582.52809069
1736.41419069
1736.41419069
1736.41419069
1736.41419069
1736.41419069
1736.41419069
1736.41419069
1802.28719069
1802.28719069
1802.28719069
1802.28719069
1802.28719069
1802.28719069
1836.40104966
1836.40104966
1836.40104966
1836.40104966
1836.40104966
1836.40104966
1836.40104966
1836.40104966
1836.40104966
1919.21792896
1919.21792896
1919.21792896
1950.24384827
1950.24384827
1950.73896827
1999.60076827
1999.60076827
1999.60076827
2062.69741412
2062.69741412
2062.69741412
2090.54541412
2294.71375412
2294.71375412
2294.71375412
2294.71375412
2294.71375412
2294.71375412
2294.71375412
2642.58824931
2642.58824931
2742.93224931
2884.05833
2922.69413
2922.69413
2922.69413
2995.73313
2995.73313
3059.46833
3059.46833
3059.46833
3059.46833
3059.46833
3059.46833
3059.46833
3059.46833
3059.46833
3059.46833
3059.46833
3059.46833
3059.46833
3059.46833
3059.46833
3059.46833
3059.46833
3059.46833
3059.46833
3059.46833
3059.46833
3059.46833
3181.72173
3181.72173
3181.72173
3181.72173
3181.72173
3181.72173
3181.72173
3181.72173
3181.72173
3181.72173
3181.72173
3181.72173
3181.72173
3181.72173
3181.72173
3181.72173
3181.72173
3181.72173
3181.72173
3181.72173
3181.72173
3181.72173
3181.72173
3181.72173
3181.72173
3181.72173
3181.72173
3181.72173
3181.72173
3181.72173
3181.72173
3181.72173
3181.72173
3181.72173
3181.72173
3181.72173
3181.72173
3181.72173
3181.72173
3181.72173
3181.72173
3181.72173
3181.72173
3181.72173
3181.72173
3181.72173
3181.72173
3181.72173
3181.72173
3181.72173
3181.72173
3181.72173
3181.72173
3181.72173
3181.72173
3181.72173
3181.72173
3181.72173
3181.72173
3181.72173
3181.72173
3181.72173
3181.72173
3181.72173
3181.72173
3181.72173
3181.72173
3181.72173
3181.72173
3181.72173
3181.72173
3181.72173
3181.72173
3181.72173
3181.72173
3181.72173
3181.72173
3181.72173
3181.72173
3181.72173
3181.72173
3181.72173
3181.72173
3181.72173
3181.72173
3181.72173
3181.72173
3181.72173
3181.72173
3181.72173
3181.72173
3181.72173
3181.72173
3181.72173
3181.72173
3181.72173
3181.72173
3181.72173
3181.72173
3181.72173
3181.72173
3181.72173
3181.72173
3181.72173
3181.72173
3181.72173
3181.72173
3181.72173
3181.72173
3181.72173
3181.72173
3181.72173
3181.72173
3181.72173
3181.72173
3181.72173
3181.72173
