-3.18172173
-3.18172173
-3.18172173
-3.18172173
-3.18172173
-3.18172173
-3.18172173
-3.18172173
-3.18172173
-3.18172173
-3.18172173
-3.18172173
-3.18172173
-3.18172173
-3.18172173
-3.18172173
-3.18172173
-3.18172173
-3.15416373
-3.15416373
-3.15416373
-3.15416373
-3.15416373
-3.15416373
-3.15416373
-3.15416373
-3.15416373
-3.15416373
-3.15416373
-3.15416373
-3.12472073
-3.12472073
-3.12472073
-3.12472073
-3.12472073
-3.12472073
-3.12472073
-3.12472073
-3.12472073
-3.12472073
-3.12472073
-2.87140833
-2.87140833
-2.87140833
-2.84328733
-2.84328733
-2.84328733
-2.84328733
-2.84328733
-2.84328733
-2.84328733
-2.84328733
-2.84328733
-2.84328733
-2.84328733
-2.84328733
-2.84328733
-2.84328733
-2.84328733
-2.84328733
-2.84328733
-2.84328733
-2.84328733
-2.84328733
-2.84328733
-2.80079633
-2.80079633
-2.80079633
-2.80079633
-2.80079633
-2.74781173
-2.74781173
-2.74781173
-2.74781173
-2.74781173
-2.74781173
-2.74781173
-2.74781173
-2.74781173
-2.74781173
-2.74781173
-2.71259873
-2.71259873
-2.71259873
-2.71259873
-2.71259873
-2.71259873
-2.64836573
-2.64836573
-2.64836573
-2.64836573
-2.64836573
-2.64836573
-2.59051273
-2.59051273
-2.59051273
-2.56436373
-2.56436373
-2.56436373
-2.56436373
-2.56436373
-2.56436373
-2.56436373
-2.56436373
-2.56436373
-2.56436373
-2.56436373
-2.52462273
-2.52462273
-2.52462273
-2.52462273
-2.52462273
-2.52462273
-2.52462273
-2.52462273
-2.52462273
-2.47166973
-2.42388773
-2.42388773
-2.37869673
-2.37869673
-2.33041873
-2.33041873
-2.33041873
-2.33041873
-2.33041873
-2.33041873
-2.33041873
-2.22461243
-2.22461243
-2.22461243
-2.22461243
-2.22461243
-2.22461243
-2.22461243
-1.96078522
-1.96078522
-1.96078522
-1.92781322
-1.92781322
-1.92781322
-1.92781322
-1.92781322
-1.92781322
-1.92781322
-1.90397822
-1.90397822
-1.90397822
-1.90397822
-1.90397822
-1.90397822
-1.90397822
-1.90397822
-1.90397822
-1.90397822
-1.90397822
-1.90397822
-1.83837422
-1.79421522
-1.79421522
-1.79421522
-1.79421522
-1.79421522
-1.76941522
-1.76941522
-1.76941522
-1.76941522
-1.76941522
-1.76941522
-1.74747122
-1.74747122
-1.74747122
-1.74747122
-1.74747122
-1.68130322
-1.47280546
-1.47280546
-1.47280546
-1.45646756
-1.24271956
-1.21157856
-1.21157856
-1.21157856
-1.21157856
-1.21157856
-1.21157856
-1.21157856
-1.21108344
-1.21108344
-1.21108344
-1.21108344
-1.21108344
-1.21108344
-1.21108344
-1.21108344
-1.21108344
-0.99819534
-0.99819534
-0.99819534
-0.99819534
-0.99819534
-0.99819534
-0.99819534
-0.99819534
-0.99819534
-0.99819534
-0.99819534
-0.99819534
-0.99819534
-0.99819534
-0.99819534
-0.79387734
-0.79387734
-0.79387734
-0.79387734
-0.79387734
-0.79387734
-0.62024334
-0.62024334
-0.62024334
-0.62024334
-0.62024334
-0.62024334
-0.62024334
-0.38949134
-0.38949134
-0.38949134
-0.38949134
-0.38949134
-0.38949134
-0.38949134
-0.38949134
-0.38949134
-0.38949134
-0.38949134
-0.24457134
-0.24457134
-0.24457134
-0.19365334
-0.19365334
-0.19365334
-0.19365334
0
0
0
0
0
0
0
0
0
0
0
0
0
0
0
0
0
0
0
0
0
0
0
0
0
0
0
0
0
0
0
0
0
0
0
0
0
0
0
0
0
0
0
0
0
0
0
0
0
0
0
0
0
0
0
0
0
0
0
0
0
0
0
0
0
0
0
0
0
0
0
0
0
0
0
0
0
0
0
0
0
0
0
0
0
0
0
0
0
0
0
0
0
0
0
0
0
0
0
0
0
0
0
0
0
0
0
0
0
0
0
0
0
0
0
0
0
0
