3.5527136788e-13
3.5527136788e-13
3.5527136788e-13
3.5527136788e-13
3.5527136788e-13
3.5527136788e-13
3.5527136788e-13
3.5527136788e-13
3.5527136788e-13
3.5527136788e-13
19.813
19.813
19.813
19.813
19.813
19.813
19.813
19.813
19.813
19.813
19.813
19.813
19.813
19.813
19.813
23.893
23.893
23.893
23.893
23.893
23.893
23.893
25.05
25.05
25.05
25.05
25.05
25.05
47.135
47.135
47.135
47.135
132.708
132.708
132.708
132.708
132.708
132.708
132.708
132.708
132.708
132.708
132.708
132.708
132.708
132.708
132.708
133.444338252
133.444338252
133.444338252
133.444338252
133.444338252
133.444338252
133.444338252
133.444338252
133.444338252
133.444338252
133.444338252
133.444338252
133.444338252
133.444338252
133.444338252
133.444338252
133.444338252
230.9879
230.9879
267.360837645
295.091837645
295.091837645
295.091837645
295.091837645
295.091837645
295.091837645
365.771177645
365.771177645
414.929177645
414.929177645
466.330177645
466.330177645
466.330177645
466.330177645
466.330177645
466.330177645
473.944577645
515.060577645
515.060577645
515.060577645
515.060577645
515.060577645
515.060577645
515.060577645
515.060577645
515.060577645
515.060577645
515.060577645
515.060577645
515.060577645
515.060577645
597.002577645
700.794443318
745.086343318
745.086343318
745.086343318
745.086343318
745.086343318
745.086343318
745.086343318
745.086343318
745.086343318
745.086343318
745.086343318
745.086343318
831.455343318
848.890143274
890.087143274
1035.17214327
1035.17214328
1035.17214328
1086.09014328
1086.09014328
1086.09014328
1086.09014328
1086.09014328
1086.09014328
1091.01094328
1112.10104328
1351.68104328
1351.68104328
1351.68104328
1373.51077851
1373.51077851
1373.51077851
1373.51077851
1456.64577851
1456.64577851
1456.64577851
1456.64577851
1678.06783996
1867.75283996
1885.61213996
1885.61213996
1951.14425996
2024.92825996
2051.14425996
2126.26455996
2126.26455996
2126.26455996
2126.26455996
2126.26455996
2126.26455996
2126.26455996
2126.26455996
2126.26455996
2126.26455996
2321.34376
2321.34376
2321.34376
2321.34376
2321.34376
2321.34376
2321.34376
2321.34376
2321.34376
2321.34376
2321.34376
2363.99876
2363.99876
2363.99876
2363.99876
2363.99876
2363.99876
2363.99876
2363.99876
2363.99876
2363.99876
2421.77376
2447.98976
2447.98976
2447.98976
2447.98976
2447.98976
2447.98976
2447.98976
2447.98976
2447.98976
2447.98976
2447.98976
2447.98976
2447.98976
2447.98976
2447.98976
2447.98976
2447.98976
2447.98976
2447.98976
2447.98976
2447.98976
2447.98976
2447.98976
2513.59376
2513.59376
2513.59376
2513.59376
2513.59376
2513.59376
2513.59376
2513.59376
2677.82667
2677.82667
2677.82667
2718.64067
2718.64067
2718.64067
2718.64067
2729.51767
2729.51767
2729.51767
2765.73967
2765.73967
2765.73967
2765.73967
2765.73967
2765.73967
2765.73967
2997.37167
2997.37167
2997.37167
2997.37167
2997.37167
2997.37167
2997.37167
2997.37167
3022.17167
3022.17167
3022.17167
3022.17167
3022.17167
3081.72173
3181.72173
3181.72173
3181.72173
3181.72173
3181.72173
3181.72173
3181.72173
3181.72173
3181.72173
3181.72173
3181.72173
3181.72173
3181.72173
3181.72173
3181.72173
3181.72173
3181.72173
3181.72173
3181.72173
3181.72173
3181.72173
3181.72173
3181.72173
3181.72173
3181.72173
3181.72173
3181.72173
3181.72173
3181.72173
3181.72173
3181.72173
3181.72173
3181.72173
3181.72173
3181.72173
3181.72173
3181.72173
3181.72173
3181.72173
3181.72173
3181.72173
3181.72173
3181.72173
3181.72173
3181.72173
3181.72173
3181.72173
3181.72173
3181.72173
3181.72173
3181.72173
3181.72173
3181.72173
3181.72173
3181.72173
3181.72173
3181.72173
3181.72173
3181.72173
3181.72173
3181.72173
3181.72173
3181.72173
3181.72173
3181.72173
3181.72173
3181.72173
3181.72173
3181.72173
3181.72173
3181.72173
3181.72173
3181.72173
3181.72173
3181.72173
3181.72173
3181.72173
3181.72173
3181.72173
3181.72173
3181.72173
3181.72173
3181.72173
3181.72173
3181.72173
3181.72173
3181.72173
3181.72173
3181.72173
3181.72173
3181.72173
3181.72173
3181.72173
3181.72173
3181.72173
3181.72173
3181.72173
3181.72173
3181.72173
3181.72173
3181.72173
3181.72173
3181.72173
3181.72173
3181.72173
3181.72173
3181.72173
3181.72173
3181.72173
3181.72173
3181.72173
3181.72173
