-31.8172173
-31.8172173
-31.8172173
-31.8172173
-31.8172173
-31.8172173
-31.8172173
-31.8172173
-31.8172173
-31.6172173
-31.6172173
-31.6172173
-31.6172173
-31.6172173
-31.6172173
-31.6172173
-31.6172173
-31.6172173
-31.6172173
-31.6172173
-31.3923073
-31.3923073
-31.3923073
-31.3923073
-31.3923073
-31.3923073
-31.3923073
-31.3923073
-31.3923073
-31.3923073
-31.3923073
-31.3923073
-31.3923073
-31.3923073
-31.0437273
-31.0437273
-31.0437273
-31.0437273
-31.0437273
-31.0437273
-31.0437273
-31.0437273
-31.0437273
-31.0437273
-31.0437273
-31.0437273
-31.0437273
-31.0437273
-31.0437273
-31.0437273
-31.0437273
-31.0437273
-31.0437273
-31.0437273
-31.0437273
-30.6586746382
-30.6586746382
-30.6402746382
-30.6402746382
-30.6402746382
-30.6402746382
-30.6402746382
-30.6402746382
-30.6402746382
-30.6402746382
-30.6402746382
-29.8401304118
-29.2605304118
-29.2605304118
-29.2605304118
-29.2605304118
-29.2605304118
-29.2605304118
-29.2605304118
-29.2605304118
-29.2605304118
-29.2605304118
-29.2605304118
-29.2605304118
-29.2605304118
-29.0619704118
-29.0619704118
-29.0619704118
-28.5237604118
-28.5237604118
-28.5237604118
-28.5237604118
-28.5237604118
-27.9332804118
-27.9332804118
-26.4981964118
-26.0309564118
-26.0309564118
-25.8865406382
-25.8865406382
-25.8865406382
-25.6534577785
-25.4867877785
-25.4867877785
-25.4867877785
-25.4867877785
-25.2338806382
-25.2338806382
-25.2338806382
-25.2338806382
-24.9999772
-24.9999772
-24.9999772
-24.9999772
-23.9999772
-23.9999772
-23.9999772
-23.6019914265
-23.6019914265
-23.0879814265
-23.0879814265
-22.5079314265
-22.5079314265
-22.5079314265
-20.8517014265
-20.8517014265
-20.8517014265
-20.8517014265
-20.8517014265
-20.8517014265
-20.8517014265
-20.8517014265
-20.8517014265
-20.8517014265
-20.8517014265
-20.4320514265
-19.9299514265
-19.5004714265
-19.5004714265
-19.5004714265
-19.5004714265
-18.9996414265
-18.9996414265
-18.9996414265
-18.7067914265
-18.7067914265
-18.7067914265
-18.7067914265
-18.7067914265
-17.8796294897
-17.8796294897
-17.8796294897
-17.8796294897
-17.8796294897
-17.8796294897
-17.8796294897
-17.4676594897
-17.0368394897
-15.3296894897
-15.3296894897
-15.3296894897
-15.3296894897
-15.0983452632
-15.0983452632
-14.7608252632
-13.6353922632
-13.6353922632
-13.6353922632
-13.5359523958
-13.5359523958
-12.7864923958
-12.7864923958
-12.7864923958
-12.7864923958
-12.7864923958
-12.7864923958
-12.7864923958
-12.7864923958
-12.7864923958
-12.7864923958
-12.5389023958
-12.5389023958
-11.9626323958
-11.9626323958
-11.9626323958
-11.9626323958
-11.9626323958
-11.9626323958
-11.9626323958
-11.9626323958
-11.9626323958
-11.9626323958
-11.9626323958
-10.8222766369
-9.10781844107
-8.45119521458
-8.45119521458
-8.45119521458
-6.84408097351
-6.84408097351
-6.73531097351
-6.73531097351
-6.73531097351
-6.73531097351
-6.73531097351
-6.73531097351
-6.73531097351
-5.6882242
-5.6882242
-5.6882242
-5.6882242
-5.6882242
-5.6882242
-5.44174842649
-5.44174842649
-3.33703842649
-3.33703842649
-3.05352382649
-3.05352382649
-3.05352382649
-3.05352382649
-3.05352382649
-3.05352382649
-3.05352382649
-3.05352382649
-3.05352382649
-3.05352382649
-3.05352382649
-3.05352382649
-2.9475796
-2.9475796
-2.9475796
-2.9475796
-2.9475796
-2.9475796
-2.9475796
-2.9475796
-2.9475796
-2.9475796
-2.9475796
-2.6361696
-2.6361696
0
0
0
0
0
0
0
0
0
0
0
0
0
0
0
0
0
0
0
0
0
0
0
0
0
0
0
0
0
0
0
0
0
0
0
0
0
0
0
0
0
0
0
0
0
0
0
0
0
0
0
0
0
0
0
0
0
0
0
0
0
0
0
0
0
0
0
0
0
0
0
0
0
0
0
0
0
0
0
0
0
0
0
0
0
0
0
0
0
0
0
0
0
0
0
0
0
0
0
0
0
0
0
0
0
0
0
0
0
0
0
0
0
0
0
0
0
0
0
0
0
0
0
