-31.8172173
-31.8172173
-31.8172173
-31.8172173
-31.8172173
-31.8172173
-31.8172173
-31.8172173
-31.8172173
-31.8172173
-31.8172173
-31.8172173
-31.8172173
-31.8172173
-31.8172173
-31.8172173
-31.8172173
-31.8172173
-31.8172173
-31.8172173
-31.8172173
-31.8172173
-31.8172173
-31.8172173
-31.8172173
-31.8172173
-31.8172173
-31.8172173
-31.8172173
-31.1475813
-31.1475813
-31.1475813
-31.1475813
-31.1475813
-31.1426301
-31.1426301
-31.1426301
-31.1426301
-29.7294001
-28.7171061
-28.7171061
-28.7171061
-28.7171061
-28.7171061
-28.7171061
-28.7171061
-28.7171061
-28.7171061
-28.7171061
-28.7171061
-28.7171061
-28.7171061
-28.0610661
-28.0610661
-28.0610661
-28.0610661
-27.9987261
-27.9987261
-27.9987261
-27.9987261
-27.9987261
-27.9803261
-27.9803261
-27.9803261
-27.9803261
-27.9803261
-27.9803261
-27.9803261
-27.9803261
-27.9803261
-27.1636561
-27.1636561
-27.1636561
-27.1636561
-27.1636561
-26.8902961
-26.8902961
-26.8902961
-26.8902961
-26.8902961
-26.4581461
-26.4581461
-26.4581461
-26.4581461
-26.4581461
-26.4581461
-26.4581461
-25.5968361
-25.5968361
-25.5968361
-25.5968361
-25.2737261
-25.2737261
-25.2737261
-25.2737261
-25.2737261
-25.2737261
-25.2737261
-25.2737261
-25.2737261
-25.2737261
-25.2737261
-25.2737261
-25.2737261
-25.2737261
-25.2737261
-25.2737261
-24.8533261
-24.8533261
-24.8533261
-24.8533261
-24.8533261
-24.8533261
-24.8533261
-23.8533261
-23.8533261
-23.8533261
-23.8533261
-22.6134431
-22.6134431
-22.6134431
-22.6134431
-22.351335485
-21.9891996723
-20.5593248993
-19.9797248993
-19.9797248993
-18.8661395196
-18.3555095196
-18.3555095196
-18.3555095196
-18.3555095196
-18.3555095196
-18.3555095196
-18.3555095196
-18.3555095196
-18.3555095196
-18.3555095196
-18.3555095196
-18.3555095196
-18.3555095196
-18.3555095196
-18.3555095196
-17.3585942926
-16.3156142926
-16.3156142926
-16.3156142926
-16.3156142926
-15.3982153078
-14.8219453078
-14.8219453078
-14.8219453078
-14.8219453078
-13.4649719078
-13.4649719078
-13.4649719078
-13.4649719078
-13.4649719078
-13.0280502551
-11.5058702551
-11.5058702551
-11.5058702551
-11.5058702551
-11.5058702551
-11.5058702551
-8.53924874302
-8.53924874302
-8.53924874302
-8.53924874302
-8.53924874302
-8.53924874302
-7.53924874302
-7.53924874302
-6.00915874302
-6.00915874302
-6.00915874302
-6.00915874302
-6.00915874302
-6.00915874302
-6.00915874302
-6.00915874302
-6.00915874302
-6.00915874302
-6.00915874302
-6.00915874302
-6.00915874302
-6.00915874302
-6.00915874302
-6.00915874302
-6.00915874302
-6.00915874302
-6.00915874302
-2.21527
-2.21527
-2.21527
-1.21183
-1.21183
-1.21183
-1.21183
-1.21183
-1.21183
-1.21183
-1.21183
0
0
0
0
0
0
0
0
0
0
0
0
0
0
0
0
0
0
0
0
0
0
0
0
0
0
0
0
0
0
0
0
0
0
0
0
0
0
0
0
0
0
0
0
0
0
0
0
0
0
0
0
0
0
0
0
0
0
0
0
0
0
0
0
0
0
0
0
0
0
0
0
0
0
0
0
0
0
0
0
0
0
0
0
0
0
0
0
0
0
0
0
0
0
0
0
0
0
0
0
0
0
0
0
0
0
0
0
0
0
0
0
0
0
0
0
0
0
0
0
0
0
0
0
0
0
0
0
0
0
0
0
0
0
0
0
0
0
0
0
0
0
0
0
0
0
0
0
0
0
0
0
0
0
0
0
0
