3.5527136788e-13
3.5527136788e-13
3.5527136788e-13
3.5527136788e-13
3.5527136788e-13
3.5527136788e-13
3.5527136788e-13
3.5527136788e-13
3.5527136788e-13
20.0
20.0
20.0
20.0
20.0
20.0
20.0
20.0
20.0
20.0
20.0
42.491
42.491
42.491
42.491
42.491
42.491
42.491
42.491
42.491
42.491
42.491
42.491
42.491
42.491
77.349
77.349
77.349
77.349
77.349
77.349
77.349
77.349
77.349
77.349
77.349
77.349
77.349
77.349
77.349
77.349
77.349
77.349
77.349
77.349
77.349
115.854266175
115.854266175
117.694266175
117.694266175
117.694266175
117.694266175
117.694266175
117.694266175
117.694266175
117.694266175
117.694266175
197.708688824
255.668688824
255.668688824
255.668688824
255.668688824
255.668688824
255.668688824
255.668688824
255.668688824
255.668688824
255.668688824
255.668688824
255.668688824
255.668688824
275.524688824
275.524688824
275.524688824
329.345688824
329.345688824
329.345688824
329.345688824
329.345688824
388.393688824
388.393688824
531.902088824
578.626088824
578.626088824
593.067666176
593.067666176
593.067666176
616.375952154
633.042952154
633.042952154
633.042952154
633.042952154
658.333666175
658.333666175
658.333666175
658.333666175
681.72401
681.72401
681.72401
681.72401
781.72401
781.72401
781.72401
821.522587352
821.522587352
872.923587352
872.923587352
930.928587352
930.928587352
930.928587352
1096.55158735
1096.55158735
1096.55158735
1096.55158735
1096.55158735
1096.55158735
1096.55158735
1096.55158735
1096.55158735
1096.55158735
1096.55158735
1138.51658735
1188.72658735
1231.67458735
1231.67458735
1231.67458735
1231.67458735
1281.75758735
1281.75758735
1281.75758735
1311.04258735
1311.04258735
1311.04258735
1311.04258735
1311.04258735
1393.75878103
1393.75878103
1393.75878103
1393.75878103
1393.75878103
1393.75878103
1393.75878103
1434.95578103
1478.03778103
1648.75278103
1648.75278103
1648.75278103
1648.75278103
1671.88720368
1671.88720368
1705.63920368
1818.18250368
1818.18250368
1818.18250368
1828.12649042
1828.12649042
1903.07249042
1903.07249042
1903.07249042
1903.07249042
1903.07249042
1903.07249042
1903.07249042
1903.07249042
1903.07249042
1903.07249042
1927.83149042
1927.83149042
1985.45849042
1985.45849042
1985.45849042
1985.45849042
1985.45849042
1985.45849042
1985.45849042
1985.45849042
1985.45849042
1985.45849042
1985.45849042
2099.49406631
2270.93988589
2336.60220854
2336.60220854
2336.60220854
2497.31363265
2497.31363265
2508.19063265
2508.19063265
2508.19063265
2508.19063265
2508.19063265
2508.19063265
2508.19063265
2612.89931
2612.89931
2612.89931
2612.89931
2612.89931
2612.89931
2637.54688735
2637.54688735
2848.01788735
2848.01788735
2876.36934735
2876.36934735
2876.36934735
2876.36934735
2876.36934735
2876.36934735
2876.36934735
2876.36934735
2876.36934735
2876.36934735
2876.36934735
2876.36934735
2886.96377
2886.96377
2886.96377
2886.96377
2886.96377
2886.96377
2886.96377
2886.96377
2886.96377
2886.96377
2886.96377
2918.10477
2918.10477
3181.72173
3181.72173
3181.72173
3181.72173
3181.72173
3181.72173
3181.72173
3181.72173
3181.72173
3181.72173
3181.72173
3181.72173
3181.72173
3181.72173
3181.72173
3181.72173
3181.72173
3181.72173
3181.72173
3181.72173
3181.72173
3181.72173
3181.72173
3181.72173
3181.72173
3181.72173
3181.72173
3181.72173
3181.72173
3181.72173
3181.72173
3181.72173
3181.72173
3181.72173
3181.72173
3181.72173
3181.72173
3181.72173
3181.72173
3181.72173
3181.72173
3181.72173
3181.72173
3181.72173
3181.72173
3181.72173
3181.72173
3181.72173
3181.72173
3181.72173
3181.72173
3181.72173
3181.72173
3181.72173
3181.72173
3181.72173
3181.72173
3181.72173
3181.72173
3181.72173
3181.72173
3181.72173
3181.72173
3181.72173
3181.72173
3181.72173
3181.72173
3181.72173
3181.72173
3181.72173
3181.72173
3181.72173
3181.72173
3181.72173
3181.72173
3181.72173
3181.72173
3181.72173
3181.72173
3181.72173
3181.72173
3181.72173
3181.72173
3181.72173
3181.72173
3181.72173
3181.72173
3181.72173
3181.72173
3181.72173
3181.72173
3181.72173
3181.72173
3181.72173
3181.72173
3181.72173
3181.72173
3181.72173
3181.72173
3181.72173
3181.72173
3181.72173
3181.72173
3181.72173
3181.72173
3181.72173
3181.72173
3181.72173
3181.72173
3181.72173
3181.72173
3181.72173
3181.72173
3181.72173
3181.72173
3181.72173
3181.72173
3181.72173
3181.72173
3181.72173
3181.72173
3181.72173
3181.72173
