3.5527136788e-13
3.5527136788e-13
3.5527136788e-13
3.5527136788e-13
3.5527136788e-13
3.5527136788e-13
3.5527136788e-13
3.5527136788e-13
3.5527136788e-13
3.5527136788e-13
3.5527136788e-13
3.5527136788e-13
3.5527136788e-13
3.5527136788e-13
3.5527136788e-13
3.5527136788e-13
3.5527136788e-13
3.5527136788e-13
3.5527136788e-13
3.5527136788e-13
3.5527136788e-13
3.5527136788e-13
3.5527136788e-13
3.5527136788e-13
3.5527136788e-13
3.5527136788e-13
29.443
29.443
29.443
31.8197089324
31.8197089324
31.8197089324
31.8197089324
31.8197089324
51.6327089324
151.632708932
151.632708932
151.632708932
151.632708932
164.267281365
215.185281365
215.185281365
215.185281365
215.185281365
215.185281365
215.185281365
215.185281365
237.129281365
237.129281365
237.129281365
237.129281365
237.129281365
276.345
276.345
276.345
276.345
296.231
296.231
296.231
296.231
331.089
420.3704
420.3704
420.3704
420.3704
458.7004
458.7004
458.7004
458.7004
458.7004
458.7004
458.7004
458.7004
517.7484
517.7484
517.7484
517.7484
517.7484
517.7484
517.7484
517.7484
517.7484
517.7484
517.7484
517.7484
517.7484
517.7484
517.7484
517.7484
517.7484
517.7484
530.0124
555.821750498
555.821750498
610.220750498
610.220750498
610.220750498
649.051750498
649.051750498
649.051750498
649.051750498
649.051750498
649.051750498
649.051750498
649.051750498
649.051750498
649.051750498
649.051750498
697.329750498
697.329750498
697.329750498
697.329750498
697.329750498
697.329750498
697.329750498
731.495009999
731.495009999
731.495009999
731.495009999
731.495009999
731.495009999
731.495009999
731.495009999
731.495009999
731.495009999
832.984009999
832.984009999
832.984009999
879.708009999
888.524538235
974.097538235
1015.21353824
1015.21353824
1015.21353824
1046.6582595
1046.6582595
1046.6582595
1046.6582595
1116.0562595
1116.0562595
1116.0562595
1116.0562595
1116.0562595
1251.8682595
1251.8682595
1251.8682595
1272.23132742
1272.23132742
1272.23132742
1272.23132742
1287.44161089
1287.44161089
1287.44161089
1331.60061089
1331.60061089
1379.38261089
1463.97284297
1490.12184297
1490.12184297
1490.12184297
1490.12184297
1490.12184297
1490.12184297
1624.58196297
1624.58196297
1627.66100347
1627.66100347
1831.55834347
1831.55834347
1831.55834347
1831.55834347
1831.55834347
1831.55834347
1831.55834347
1831.55834347
1973.42030297
1991.46730297
2054.09730297
2054.09730297
2054.09730297
2054.09730297
2054.09730297
2054.09730297
2193.00930297
2193.00930297
2193.00930297
2293.00930297
2293.00930297
2293.00930297
2362.33330297
2362.33330297
2362.33330297
2462.33330297
2486.6470195
2486.6470195
2486.6470195
2486.6470195
2486.6470195
2486.6470195
2486.6470195
2486.6470195
2539.0479795
2539.0479795
2539.0479795
2739.0479795
2739.0479795
2739.0479795
2739.0479795
2739.0479795
2739.0479795
2739.0479795
2739.0479795
2739.0479795
2797.0079795
2797.0079795
2797.0079795
2797.0079795
2797.0079795
2797.0079795
2797.0079795
2797.0079795
2797.0079795
2797.0079795
2797.0079795
2797.0079795
2797.0079795
2797.0079795
2797.0079795
2797.0079795
2797.0079795
2797.0079795
2797.0079795
2797.0079795
2797.0079795
2797.0079795
2797.0079795
2801.9287795
2901.9287795
2901.9287795
2901.9287795
2901.9287795
2901.9287795
2930.13873
2930.13873
2930.13873
3139.68173
3139.68173
3139.68173
3139.68173
3139.68173
3139.68173
3139.68173
3139.68173
3139.68173
3139.68173
3139.68173
3139.68173
3181.72173
3181.72173
3181.72173
3181.72173
3181.72173
3181.72173
3181.72173
3181.72173
3181.72173
3181.72173
3181.72173
3181.72173
3181.72173
3181.72173
3181.72173
3181.72173
3181.72173
3181.72173
3181.72173
3181.72173
3181.72173
3181.72173
3181.72173
3181.72173
3181.72173
3181.72173
3181.72173
3181.72173
3181.72173
3181.72173
3181.72173
3181.72173
3181.72173
3181.72173
3181.72173
3181.72173
3181.72173
3181.72173
3181.72173
3181.72173
3181.72173
3181.72173
3181.72173
3181.72173
3181.72173
3181.72173
3181.72173
3181.72173
3181.72173
3181.72173
3181.72173
3181.72173
3181.72173
3181.72173
3181.72173
3181.72173
3181.72173
3181.72173
3181.72173
3181.72173
3181.72173
3181.72173
3181.72173
3181.72173
3181.72173
3181.72173
3181.72173
3181.72173
3181.72173
3181.72173
3181.72173
3181.72173
3181.72173
3181.72173
3181.72173
3181.72173
3181.72173
3181.72173
3181.72173
3181.72173
3181.72173
3181.72173
3181.72173
3181.72173
3181.72173
3181.72173
3181.72173
3181.72173
3181.72173
3181.72173
3181.72173
3181.72173
3181.72173
3181.72173
3181.72173
3181.72173
3181.72173
3181.72173
3181.72173
3181.72173
3181.72173
3181.72173
3181.72173
