-0.106188100001
-0.106188100001
-0.106188100001
-0.106188100001
-0.106188100001
-0.106188100001
-0.106188100001
-0.106188100001
-0.106188100001
-0.106188100001
-0.106188100001
145.6693319
145.6693319
255.2316419
440.7942719
670.9910519
779.7920519
960.3255017
960.3255017
960.3255017
960.3255017
960.3255017
960.3255017
1086.2921117
1086.2921117
1144.7496317
1365.2288687
1365.2610437
1406.0171756
1419.9301307
1419.9301307
1419.9301307
1419.9301307
1441.2250307
1498.7015597
1550.5992407
1550.5992407
1550.5992407
1550.5992407
1553.9632607
1553.9632607
1553.9632607
1581.2456807
1581.2456807
1584.6215807
1584.6215807
1584.6215807
1584.6731597
1630.8783407
1630.8783407
1734.9065507
1734.9581297
1734.9581297
1734.9065507
1734.9065507
1734.9065507
1734.9065507
1734.9065507
1734.9065507
1734.9065507
1785.4529807
1885.8835307
1885.8835307
1885.8835307
1886.0129237
1885.8835307
1885.8835307
1885.8835307
1982.0892656
1982.0892656
1982.0892656
1982.1961856
1982.0892656
1982.1961856
1982.0892656
2011.0982456
2011.2051656
2011.2051656
2011.2051656
2011.0982456
2011.0982456
2011.0982456
2011.0982456
2110.1200256
2110.1200256
2110.1200256
2174.5066556
2174.3997356
2174.3997356
2179.8259256
2179.9328456
2230.3416656
2230.3416656
2269.6314986
2269.6314986
2269.6314986
2269.5258656
2269.5258656
2304.7015556
2304.7015556
2332.3017656
2332.3017656
2332.3017656
2334.4138316
2334.4138316
2334.4138316
2334.4138316
2334.4138316
2334.4138316
2334.4138316
2334.4138316
2334.4138316
2334.4138316
2334.4138316
2334.4138316
2334.4138316
2384.5840616
2384.5840616
2384.5840616
2404.5533516
2404.5533516
2404.5533516
2404.5533516
2404.5533516
2404.5533516
2404.5533516
2461.6120016
2461.6120016
2461.6120016
2461.6120016
2461.6120016
2461.6120016
2464.9374116
2464.9374116
2464.9374116
2471.2242086
2471.2242086
2471.2242086
2471.2242086
2471.2242086
2471.2242086
2471.2242086
2471.2242086
2471.2242086
2566.918559
2566.918559
2566.918559
2566.918559
2566.918559
2566.918559
2566.918559
2592.872399
2592.872399
2592.872399
2592.872399
2592.872399
2612.672399
2612.672399
2612.672399
2612.672399
2612.672399
2612.672399
2612.672399
2612.672399
2612.672399
2612.672399
2612.672399
2612.672399
2612.672399
2612.672399
2612.672399
2612.672399
2612.672399
2612.672399
2612.672399
2706.724379
2706.724379
2706.724379
2770.168529
2770.168529
2770.168529
2802.622709
2802.622709
2802.622709
2834.093819
2834.093819
2834.093819
2834.093819
2834.093819
2850.933719
2850.933719
2850.933719
3044.102529
3044.102529
3044.102529
3044.102529
3044.102529
3044.102529
3044.102529
3044.102529
3044.102529
3044.102529
3044.102529
3044.102529
3058.725819
3058.725819
3058.725819
3058.725819
3058.725819
3058.725819
3058.725819
3058.725819
3061.902828
3061.902828
3061.902828
3061.902828
3061.902828
3127.117098
3127.6322346
3127.6322346
3127.6322346
3127.6322346
3127.6322346
3127.6322346
3127.6322346
3149.8983246
3149.8983246
3149.8983246
3149.8983246
3149.8983246
3149.8983246
3149.8983246
3149.8983246
3149.8983246
3149.8983246
3149.8983246
3149.8983246
3149.8983246
3149.8983246
3149.8983246
3149.8983246
3149.8983246
3149.8983246
3149.8983246
3149.8983246
3149.8983246
3149.8983246
3149.8983246
3149.8983246
3149.8983246
3149.8983246
3149.8983246
3149.8983246
3149.8983246
3149.8983246
3149.8983246
3149.8983246
3149.8983246
3149.8983246
3149.8983246
3149.8983246
3149.8983246
3149.8983246
3149.8983246
3149.8983246
3149.8983246
3149.8983246
3149.8983246
3149.8983246
3149.8983246
3149.8983246
3149.8983246
3149.8983246
3149.8983246
3149.8983246
3149.8983246
3149.8983246
3149.8983246
3149.8983246
3149.8983246
3149.8983246
3149.8983246
3149.8983246
3149.8983246
3149.8983246
3149.8983246
3149.8983246
3149.8983246
3149.8983246
3149.8983246
3149.8983246
3149.8983246
3149.8983246
3149.8983246
3149.8983246
3149.8983246
3149.8983246
3149.8983246
3149.8983246
3149.8983246
3149.8983246
3149.8983246
3149.8983246
3149.8983246
3149.8983246
3149.8983246
3149.8983246
3149.8983246
3149.8983246
3149.8983246
3149.8983246
3149.8983246
3149.8983246
3149.8983246
3149.8983246
3149.8983246
3149.8983246
3149.8983246
3149.8983246
3149.8983246
3149.8983246
3149.8983246
3149.8983246
3149.8983246
3149.8983246
3149.8983246
3149.8983246
3149.8983246
3149.8983246
3149.8983246
3149.8983246
3149.8983246
3149.8983246
3149.8983246
3149.8983246
3149.8983246
3149.8983246
3149.8983246
3149.8983246
3149.8983246
3149.8983246
3149.8983246
3149.8983246
3149.8983246
3149.8983246
3149.8983246
3149.8983246
3149.8983246
3149.8983246
3149.8983246
3149.8983246
3149.8983246
3149.8983246
3149.8983246
3149.8983246
3149.8983246
3149.8983246
3149.8983246
3149.8983246
3149.8983246
