21.8720388837
26.8282056148
29.6072532632
29.8539954797
33.8953217196
34.8574649682
38.1236507346
42.9237282895
44.2288735376
49.5713645438
55.5832560411
60.040988263
75.3422873609
75.6064399283
81.2773988056
86.5719168459
85.9813173466
91.2581678249
97.3653785147
102.136438741
107.451512893
117.893623618
124.413163067
126.207688045
126.685906646
126.355473284
129.035465747
137.047443573
149.782675905
156.713828674
172.120719339
173.794638679
175.781960961
183.705701345
188.043761066
190.844608209
193.076398625
198.31607216
214.862096754
222.333953454
229.773075781
236.667585962
241.712423138
243.411857138
257.074838041
259.895348041
261.475781248
269.385516063
274.522193617
283.327137213
290.397582223
295.140401068
298.584493621
303.606308568
309.759610457
315.820721555
318.845965848
342.482201036
346.698154142
350.101802605
352.203356042
354.679950984
355.083870984
362.956845241
372.917377445
380.333141869
380.820135077
402.123823002
421.029457002
423.560008209
424.100637309
429.190952949
443.05095295
458.676013621
458.667210886
465.278826886
482.393738987
486.628788762
494.316864111
513.168231944
523.831736788
530.190803788
534.908121413
539.690134036
549.178836898
565.304862177
581.197110607
589.812036214
599.037488616
621.105798296
621.105798296
623.298133723
638.274803945
637.172834775
644.538724582
661.718732953
672.272184842
687.634564594
691.181390553
698.111390546
708.603682607
708.603682613
720.702961581
726.290499954
727.37832184
733.26099094
743.439906004
751.552164004
752.249477473
763.954036567
763.073465476
779.515484466
785.528198989
799.978155613
805.335398478
805.547801095
812.685767694
821.773515227
821.955675228
834.378043637
839.116887683
843.665764933
851.687619137
854.539116154
858.907627499
869.595341787
891.697289781
898.907063788
901.060610788
905.066447457
920.745228606
935.684252407
940.144373521
949.99101252
960.845966521
971.380283234
978.310283234
985.240283228
1002.44306914
1006.92290824
1020.78290824
1026.68924824
1035.74379814
1047.12731315
1047.53391604
1056.72087648
1066.48018996
1076.13843196
1085.82538396
1098.7996884
1115.6725554
1127.6497734
1140.6882714
1148.56766774
1156.58349334
1166.79325444
1173.72325444
1176.22844548
1193.67561148
1199.9455054
1207.88349209
1216.62328711
1229.88319451
1235.02693751
1239.10544051
1242.85053414
1248.21900714
1267.39268773
1276.72512073
1296.77172973
1298.51739277
1305.90853477
1321.98165997
1336.00253497
1348.15495327
1353.13336627
1353.22157527
1368.73593234
1381.02503004
1393.46688474
1393.46688474
1412.60932674
1416.28450374
1422.52358274
1440.74175303
1442.84490903
1444.84183803
1451.77183803
1452.48216699
1458.59205099
1465.27653099
1467.75447438
1471.65947285
1476.45544469
1490.03429657
1500.28835027
1511.48346827
1519.17249137
1519.17249137
1522.38415038
1532.26000626
1545.14871726
1564.69984313
1572.51113123
1576.63339224
1611.19834728
1618.04159486
1618.04159486
1630.30353686
1642.91098886
1655.83761686
1669.80651687
1684.31922386
1684.82263886
1687.52890286
1708.5377286
1713.4671366
1716.0505416
1736.19968172
1748.5955826
1755.5255826
1764.2307516
1776.13226216
1786.25046212
1792.35024812
1804.29727112
1811.36359412
1829.03875712
1856.48056712
1863.60846812
1863.60846812
1872.50241391
1881.65902291
1893.41500561
1900.34500561
1916.66020561
1923.8606647
1936.8771748
1944.0157678
1958.05356784
1973.25431296
1995.16004296
2004.21953296
2018.07953296
2027.73777496
2030.65524556
2036.36111056
2046.02479756
2055.25784644
2068.91469844
2078.27831644
2078.27831644
2091.01773544
2098.07476234
2106.04027025
2121.46169825
2135.35357625
2153.19931229
2163.46026629
2172.61321229
2191.43014229
2196.91932599
2202.47896799
2220.43687499
2230.63773599
2238.66060689
2254.17420389
2261.50812389
2275.02529877
2288.88529877
2293.09190777
2300.07903077
2305.23118877
2316.99268577
2325.08436167
2339.36998247
2352.82140947
2354.90252213
2374.63233113
2380.96407809
2393.39550809
2393.39550809
2401.79110013
2407.29083723
2433.19316753
2452.27403153
2457.02989253
2481.87039041
2490.79649375
2497.20564485
2513.54094185
2516.48404355
2527.52693915
2533.57009715
2540.50009715
2561.52086615
2572.4202959
2576.46277874
2586.92173274
2591.13041678
2604.99041678
2618.85041678
2630.92954538
2641.02124304
2647.95124304
2651.78930474
2679.14785574
2684.41197878
2699.68183778
2700.09041078
2702.94953078
2720.87895944
2732.37266144
2737.15238144
2742.07110536
2746.39295036
2752.46036336
2766.42177302
2772.59481506
2779.23702206
2786.16702206
2800.27673075
2809.21983437
2817.19329437
2840.92309937
2850.35364137
2850.35364137
2858.71082537
2868.76942337
2878.04427203
2893.36199654
2903.74293854
2917.43255954
2919.86241554
2927.88220754
2931.98994524
2943.56052173
2951.61934943
2958.54934943
2972.42219963
2992.98370763
3003.05974151
3022.90250951
3033.21328229
3042.89556941
3051.95505941
3052.49767841
3062.42341941
3077.25117411
3088.05160881
3089.51393781
3099.40116681
3109.11910781
3112.26621881
3122.77111178
3130.10701378
3134.19644738
3139.64066728
3141.64066728
3145.22113494
