-31.8172173
-31.8172173
-31.8172173
-30.9614873
-30.9614873
-30.9614873
-30.9614873
-30.9614873
-30.9614873
-30.9614873
-30.9614873
-30.9614873
-30.9614873
-30.9614873
-28.9439373
-28.9439373
-28.9439373
-28.9439373
-28.9439373
-28.9439373
-28.9439373
-28.9439373
-28.9439373
-28.9439373
-28.9179373
-28.9179373
-28.9179373
-28.9179373
-28.9179373
-28.9179373
-28.9179373
-28.9179373
-28.9179373
-28.9179373
-28.9179373
-28.9179373
-28.9179373
-28.9179373
-28.8631273
-28.8631273
-28.8631273
-28.7879573
-28.7879573
-28.7879573
-28.7879573
-28.0519373
-28.0519373
-28.0519373
-28.0519373
-28.0519373
-28.0519373
-28.0519373
-28.0519373
-28.0519373
-28.0519373
-28.0519373
-28.0519373
-28.0519373
-28.0519373
-28.0519373
-28.0519373
-28.0519373
-28.0519373
-28.0519373
-28.0519373
-28.0519373
-27.9491534452
-27.9491534452
-27.5371834452
-27.5371834452
-26.9028290862
-26.9028290862
-26.8814950862
-26.8814950862
-26.8814950862
-26.8814950862
-26.8814950862
-26.8814950862
-26.8814950862
-26.8814950862
-26.8814950862
-26.8814950862
-26.4930471375
-26.4930471375
-26.4930471375
-26.4930471375
-25.9134471375
-25.9134471375
-25.5715050862
-25.5715050862
-25.5715050862
-25.5715050862
-25.5715050862
-25.5715050862
-25.5715050862
-25.5715050862
-25.5715050862
-25.5715050862
-25.5715050862
-25.5715050862
-25.3019950862
-25.3019950862
-25.3019950862
-25.3019950862
-25.3019950862
-25.3019950862
-24.7416045078
-24.7416045078
-24.7416045078
-24.3580745078
-24.3580745078
-24.3580745078
-24.0004045078
-22.6485045078
-21.0597527289
-20.8621540289
-20.7366440289
-20.7366440289
-20.7366440289
-19.7379631289
-19.7366440289
-19.7366440289
-19.7366440289
-19.7366440289
-19.2274640289
-18.8391540289
-18.8391540289
-18.7215126859
-18.7215126859
-18.7215126859
-18.7215126859
-18.7215126859
-18.7215126859
-18.7215126859
-18.7215126859
-18.3298329648
-18.3298329648
-18.3298329648
-18.3298329648
-18.3298329648
-17.3298329647
-17.3298329647
-17.3298329647
-17.0818329647
-17.0818329647
-16.8032695647
-16.8032695647
-16.6806295647
-16.5247395647
-15.5882992569
-14.8731992569
-14.8731992569
-14.8731992569
-14.8731992569
-14.8731992569
-14.8731992569
-14.8731992569
-14.8731992569
-14.8731992569
-14.8731992569
-14.8731992569
-14.8731992569
-14.5617892569
-14.5617892569
-14.5617892569
-14.5617892569
-14.5617892569
-14.5617892569
-14.5617892569
-14.5617892569
-14.5617892569
-14.3632292569
-13.2342192569
-13.2342192569
-13.2342192569
-13.2342192569
-13.2342192569
-13.2342192569
-10.6154812
-10.6154812
-10.6154812
-10.6154812
-10.0574912
-10.0574912
-10.0574912
-10.0574912
-10.0574912
-9.7638312
-9.7638312
-9.7638312
-9.7638312
-9.7638312
-9.7638312
-9.7638312
-9.7638312
-7.6084012
-7.6084012
-7.6084012
-7.6084012
-7.6084012
-7.6084012
-7.6084012
-7.6084012
-7.6084012
-7.6084012
-7.6084012
-7.6084012
-7.6084012
-7.6084012
-7.6084012
-7.6084012
-7.6084012
-7.6084012
-7.6084012
-7.6084012
-7.6084012
-7.6084012
-7.6084012
-7.6084012
-7.6084012
-7.6084012
-7.6084012
-7.6084012
-7.6084012
-7.6084012
-7.6084012
-7.6084012
-7.2461812
-5.2416712
-5.2416712
-5.2416712
-4.2736012
-4.2736012
-4.2736012
-4.2736012
-4.2736012
-4.2736012
-4.2736012
-2.2508512
0
0
0
0
0
0
0
0
0
0
0
0
0
0
0
0
0
0
0
0
0
0
0
0
0
0
0
0
0
0
0
0
0
0
0
0
0
0
0
0
0
0
0
0
0
0
0
0
0
0
0
0
0
0
0
0
0
0
0
0
0
0
0
0
0
0
0
0
0
0
0
0
0
0
0
0
0
0
0
0
0
0
0
0
0
0
0
0
0
0
0
0
0
0
0
0
0
0
0
0
0
0
0
0
0
0
0
0
0
0
0
0
0
0
0
0
0
0
0
0
0
