-31.3760493
-31.3746803
-31.3746803
-31.3746803
-31.3187033
-31.2558663
-31.2112503
-31.0790281
-31.0497321
-30.9973156
-30.9892536
-31.0013876
-30.9493827
-30.9184557
-30.8807511
-30.8127251
-30.8113887
-30.7960677
-30.7360713
-30.7298534
-30.5802114
-30.5114917
-30.5037232
-30.4261124
-30.4054118
-30.2864041
-30.2843613
-30.2806045
-30.2112687
-30.1557061
-30.1650786
-30.1462179
-30.1329213
-30.0565776
-29.976413
-29.9328306
-29.83193
-29.8189999
-29.8094685
-29.7563975
-29.6124001
-29.5378565
-29.4388131
-29.4007903
-29.3483045
-29.2278946
-29.1653356
-29.12006699
-29.1133133
-28.8755352
-28.8625188
-28.6764151
-28.73367519
-28.68104469
-28.5115031
-28.36593749
-28.34760119
-28.30636688
-28.24240638
-28.21936748
-28.18546188
-28.06228638
-28.05314739
-28.0311947
-27.9946149
-27.9358337
-27.8323784
-27.7388938
-27.5986754
-27.3684747
-27.2311853
-27.2611394
-27.1947394
-27.0373077
-26.9528351
-26.7656105
-26.6521371
-26.6281821
-26.4205144
-26.3107113
-26.36105129
-26.41483079
-26.28278719
-26.0505458
-26.0275447
-25.95261719
-25.9457254
-25.7935816
-25.56450139
-25.50120819
-25.45846784
-25.3854167
-25.2833165
-24.97977389
-24.8923753
-24.8179539
-24.7530012
-24.6243032
-24.445671
-24.3553359
-24.2956049
-24.0036681
-24.0616674
-24.0200661
-23.9142868
-23.8190416
-23.8954097
-23.85418024
-23.7224332
-23.63794894
-23.3782794
-23.2011856
-23.1778659
-23.1824869
-23.08899034
-22.93665433
-22.7628227
-22.62852604
-22.61363
-22.63619257
-22.5213977
-22.38663538
-22.12080784
-22.07771584
-22.00052336
-21.79715386
-21.50883413
-21.60241989
-21.44759107
-21.29506463
-21.19790384
-21.03583648
-20.73593819
-20.70900827
-20.58352012
-20.13807336
-20.14927932
-20.22685842
-20.18665903
-19.98013572
-19.91743637
-19.60762231
-19.58015522
-19.4344256
-19.35364468
-19.28913469
-19.13469192
-19.08850341
-19.09731368
-19.08152808
-19.08562819
-18.93229788
-18.77729508
-18.72676515
-18.70195367
-18.46980175
-18.45536454
-18.43330692
-18.28551493
-18.21632747
-17.92960073
-17.7570147
-17.57827265
-17.31579487
-17.36335124
-17.51087574
-17.08958678
-17.09777819
-17.00695955
-16.86270347
-16.8284893
-16.72498252
-16.57326846
-16.56354302
-16.5087088
-16.45642864
-16.32775278
-16.15193358
-16.08219437
-16.04462678
-15.96187798
-15.98529494
-15.85222352
-15.71525903
-15.73665983
-15.76657008
-15.42842365
-15.25901786
-15.11169642
-15.10380453
-15.01322463
-14.87583962
-14.87177213
-14.61459903
-14.57392753
-14.11978482
-14.23559016
-14.21350936
-14.15917016
-13.92663995
-13.83289886
-13.8509406
-13.63401226
-13.40745015
-13.2589515
-13.4026322
-13.02441056
-12.94757286
-12.55064086
-12.64432666
-12.43694289
-12.33950034
-12.1812402
-11.73115295
-11.56044175
-11.72843256
-11.46295552
-11.65997042
-11.49992852
-11.47627061
-11.23105392
-11.00692591
-10.96150081
-10.88529795
-10.61453836
-10.57013566
-10.43099106
-10.32310896
-10.47449315
-10.31901866
-10.22312256
-10.08307144
-10.03648194
-10.03376094
-9.91173363
-9.93375193
-9.79323244
-9.74999354
-9.63857967
-9.44735007
-9.33022764
-9.20098973
-9.25355064
-9.00741624
-9.03224063
-8.97725566
-8.78294896
-8.76760316
-8.63677624
-8.55342794
-8.45284244
-8.24671514
-8.22804744
-8.07885814
-7.94578342
-7.72689852
-7.63917452
-7.44702656
-7.39935856
-7.29270056
-7.26070456
-7.28700235
-7.25018895
-7.16804586
-7.13085672
-7.20381666
-7.16704336
-7.11316676
-6.92253076
-6.80807885
-6.54067164
-6.48606328
-6.40142928
-6.45983228
-6.42861032
-6.34211332
-6.22069432
-6.21404122
-6.16625922
-6.08972552
-6.05663352
-5.99680152
-5.87150552
-5.83176052
-5.69082552
-5.62770952
-5.60770952
-5.61106852
-5.54978852
-5.23841056
-5.23528826
-5.10928314
-5.1979521
-5.13691719
-4.85495123
-4.77897919
-4.70478619
-4.66056879
-4.52957637
-4.52957637
-4.68884637
-4.52267546
-4.45650746
-4.45102646
-4.3610195
-4.2982695
-4.2457875
-4.1411545
-4.0860626
-3.9332485
-3.5749735
-3.45574054
-3.36954554
-3.15363754
-3.1021992
-2.99738426
-2.86522986
-2.92957995
-2.82665085
-2.82128855
-2.80570765
-2.77049465
-2.74260635
-2.70761644
-2.64876914
-2.45856314
-2.4580428
-2.3974888
-2.2835768
-2.19541246
-2.02023846
-1.99359434
-1.95247834
-1.90669534
-1.78452694
-1.71834498
-1.64973498
-1.45093398
-1.28924378
-1.23825078
-1.19152678
-1.14476566
-1.07947766
-1.04325566
-1.00000626
-0.94207626
-1.00390714
-0.8967148
-0.8066067
-0.7510887
-0.5772497
-0.5141127
-0.43488196
-0.29221986
-0.29008646
-0.22376446
-0.16514334
-0.04895734
-0.00600134
-0.00052034
