-0.106188100001
-0.106188100001
27.4633319002
27.4633319002
27.4633319002
27.4633319002
27.4633319002
27.4633319002
27.4633319002
27.4633319002
27.4633319002
27.4633319002
27.4633319002
27.4633319002
27.4633319002
27.4633319002
27.4633319002
27.4633319002
27.4633319002
27.4633319002
27.4633319002
183.7269119
263.4001319
831.3771899
942.9522194
1342.4934494
1496.9354294
1541.7267815
1751.2021685
1724.8215395
1753.2220655
1845.0359525
2004.6724625
2004.6724625
2004.6724625
2033.8120334
2033.8120334
2107.7227604
2107.7227604
2107.7227604
2107.7227604
2107.7227604
2107.7227604
2107.7227604
2109.8348264
2109.8348264
2109.8348264
2109.8348264
2109.8348264
2142.2890064
2142.2890064
2142.2890064
2142.2890064
2142.2890064
2142.2890064
2142.2890064
2142.2890064
2142.2890064
2142.2890064
2142.2890064
2142.2890064
2142.2890064
2142.2890064
2142.2890064
2142.2890064
2325.2429864
2325.2429864
2325.2429864
2325.2429864
2524.0794968
2594.4684968
2594.4684968
2594.4684968
2594.4684968
2626.1445368
2655.2931068
2655.2931068
2655.2931068
2655.2931068
2655.2931068
2655.2931068
2675.0931068
2675.0931068
2675.0931068
2675.0931068
2675.0931068
2675.0931068
2675.0931068
2675.0931068
2675.0931068
2675.0931068
2675.0931068
2675.0931068
2675.0931068
2675.0931068
2675.0931068
2675.0931068
2675.0931068
2675.0931068
2583.4596968
2583.4596968
2583.4596968
2583.4596968
2583.4596968
2583.4596968
2583.4596968
2583.4596968
2583.4596968
2583.4596968
2583.4596968
2609.3472068
2609.3472068
2609.3472068
2631.6132968
2631.6132968
2631.6132968
2631.6132968
2631.6132968
2631.6132968
2631.6132968
2631.6132968
2637.0394868
2637.0394868
2637.0394868
2637.0394868
2637.0394868
2637.0394868
2637.0394868
2637.0394868
2637.0394868
2637.0394868
2637.0394868
2637.0394868
2637.0394868
2637.0394868
2637.0394868
2637.0394868
2637.0394868
2637.0394868
2637.0394868
2637.0394868
2637.0394868
2637.0394868
2637.0394868
2637.0394868
2637.0394868
2637.0394868
2637.0394868
2637.0394868
2637.0394868
2677.8245168
2677.8245168
2677.8245168
2677.8245168
2677.8245168
2677.8245168
2677.8245168
2677.8245168
2677.8245168
2677.8245168
2677.8245168
2677.8245168
2677.8245168
2677.8245168
2677.8245168
2677.8245168
2677.8245168
2677.8245168
2677.8245168
2677.8245168
2677.8245168
2677.8245168
2677.8245168
2677.8245168
2677.8245168
2771.6784968
2771.6784968
2771.6784968
2771.6784968
2771.6784968
2771.6784968
2771.6784968
2771.6784968
2771.6784968
2771.6784968
2771.6784968
2771.6784968
2771.6784968
2771.6784968
2771.6784968
2771.6784968
2771.6784968
2771.6784968
2771.6784968
2771.6784968
2814.3296768
2814.3296768
2814.3296768
2871.3883268
2871.3883268
2871.3883268
2871.3883268
2919.1835468
2968.7657168
2968.7657168
2968.7657168
2968.7657168
2968.7657168
2971.9427258
2971.9427258
2971.9427258
2971.9427258
2971.9427258
2971.9427258
2971.9427258
2971.9427258
2971.9427258
2993.6672858
3013.6365758
3013.6365758
3041.2367858
3041.2367858
3041.2367858
3041.2367858
3041.2367858
3041.2367858
3041.2367858
3041.2367858
3041.2367858
3041.2367858
3077.2272458
3077.2272458
3094.0671458
3094.0671458
3094.0671458
3094.0671458
3149.4032046
3149.8983246
3149.8983246
3149.8983246
3149.8983246
3149.8983246
3149.8983246
3149.8983246
3149.8983246
3149.8983246
3149.8983246
3149.8983246
3149.8983246
3149.8983246
3149.8983246
3149.8983246
3149.8983246
3149.8983246
3149.8983246
3149.8983246
3149.8983246
3149.8983246
3149.8983246
3149.8983246
3149.8983246
3149.8983246
3149.8983246
3149.8983246
3149.8983246
3149.8983246
3149.8983246
3149.8983246
3149.8983246
3149.8983246
3149.8983246
3149.8983246
3149.8983246
3149.8983246
3149.8983246
3149.8983246
3149.8983246
3149.8983246
3149.8983246
3149.8983246
3149.8983246
3149.8983246
3149.8983246
3149.8983246
3149.8983246
3149.8983246
3149.8983246
3149.8983246
3149.8983246
3149.8983246
3149.8983246
3149.8983246
3149.8983246
3149.8983246
3149.8983246
3149.8983246
3149.8983246
3149.8983246
3149.8983246
3149.8983246
3149.8983246
3149.8983246
3149.8983246
3149.8983246
3149.8983246
3149.8983246
3149.8983246
3149.8983246
3149.8983246
3149.8983246
3149.8983246
3149.8983246
3149.8983246
3149.8983246
3149.8983246
3149.8983246
3149.8983246
3149.8983246
3149.8983246
3149.8983246
3149.8983246
3149.8983246
3149.8983246
3149.8983246
3149.8983246
3149.8983246
3149.8983246
3149.8983246
3149.8983246
3149.8983246
3149.8983246
3149.8983246
3149.8983246
3149.8983246
3149.8983246
3149.8983246
3149.8983246
3149.8983246
3149.8983246
3149.8983246
3149.8983246
3149.8983246
3149.8983246
3149.8983246
3149.8983246
3149.8983246
3149.8983246
3149.8983246
3149.8983246
3149.8983246
3149.8983246
3149.8983246
3149.8983246
3149.8983246
3149.8983246
3149.8983246
3149.8983246
3149.8983246
3149.8983246
3149.8983246
