-31.8172173
-31.8172173
-31.8172173
-31.8172173
-31.8172173
-31.8172173
-31.8172173
-31.8172173
-31.8172173
-31.8172173
-31.8172173
-30.3447373
-30.3447373
-29.2380473
-27.3636773
-25.0384573
-23.9394573
-22.1158871
-22.1158871
-22.1158871
-22.1158871
-22.1158871
-22.1158871
-20.8434971
-20.8434971
-20.2530171
-18.0259541
-18.0256291
-17.613951
-17.4734161
-17.4734161
-17.4734161
-17.4734161
-17.2583161
-16.6777451
-16.1535261
-16.1535261
-16.1535261
-16.1535261
-16.1195461
-16.1195461
-16.1195461
-15.8439661
-15.8439661
-15.8098661
-15.8098661
-15.8098661
-15.8093451
-15.3426261
-15.3426261
-14.2918361
-14.2913151
-14.2913151
-14.2918361
-14.2918361
-14.2918361
-14.2918361
-14.2918361
-14.2918361
-14.2918361
-13.7812661
-12.7668161
-12.7668161
-12.7668161
-12.7655091
-12.7668161
-12.7668161
-12.7668161
-11.795041
-11.795041
-11.795041
-11.793961
-11.795041
-11.793961
-11.795041
-11.502021
-11.500941
-11.500941
-11.500941
-11.502021
-11.502021
-11.502021
-11.502021
-10.501801
-10.501801
-10.501801
-9.851431
-9.852511
-9.852511
-9.797701
-9.796621
-9.287441
-9.287441
-8.890574
-8.890574
-8.890574
-8.891641
-8.891641
-8.536331
-8.536331
-8.257541
-8.257541
-8.257541
-8.236207
-8.236207
-8.236207
-8.236207
-8.236207
-8.236207
-8.236207
-8.236207
-8.236207
-8.236207
-8.236207
-8.236207
-8.236207
-7.729437
-7.729437
-7.729437
-7.527727
-7.527727
-7.527727
-7.527727
-7.527727
-7.527727
-7.527727
-6.951377
-6.951377
-6.951377
-6.951377
-6.951377
-6.951377
-6.917787
-6.917787
-6.917787
-6.854284
-6.854284
-6.854284
-6.854284
-6.854284
-6.854284
-6.854284
-6.854284
-6.854284
-5.8876744
-5.8876744
-5.8876744
-5.8876744
-5.8876744
-5.8876744
-5.8876744
-5.6255144
-5.6255144
-5.6255144
-5.6255144
-5.6255144
-5.4255144
-5.4255144
-5.4255144
-5.4255144
-5.4255144
-5.4255144
-5.4255144
-5.4255144
-5.4255144
-5.4255144
-5.4255144
-5.4255144
-5.4255144
-5.4255144
-5.4255144
-5.4255144
-5.4255144
-5.4255144
-5.4255144
-4.4754944
-4.4754944
-4.4754944
-3.8346444
-3.8346444
-3.8346444
-3.5068244
-3.5068244
-3.5068244
-3.1889344
-3.1889344
-3.1889344
-3.1889344
-3.1889344
-3.0188344
-3.0188344
-3.0188344
-1.0686444
-1.0686444
-1.0686444
-1.0686444
-1.0686444
-1.0686444
-1.0686444
-1.0686444
-1.0686444
-1.0686444
-1.0686444
-1.0686444
-0.9209344
-0.9209344
-0.9209344
-0.9209344
-0.9209344
-0.9209344
-0.9209344
-0.9209344
-0.8888434
-0.8888434
-0.8888434
-0.8888434
-0.8888434
-0.2301134
-0.22491
-0.22491
-0.22491
-0.22491
-0.22491
-0.22491
-0.22491
0.0
0.0
0.0
0.0
0.0
0.0
0.0
0.0
0.0
0.0
0.0
0.0
0.0
0.0
0.0
0.0
0.0
0.0
0.0
0.0
0.0
0.0
0.0
0.0
0.0
0.0
0.0
0.0
0.0
0.0
0.0
0.0
0.0
0.0
0.0
0.0
0.0
0.0
0.0
0.0
0.0
0.0
0.0
0.0
0.0
0.0
0.0
0.0
0.0
0.0
0.0
0.0
0.0
0.0
0.0
0.0
0.0
0.0
0.0
0.0
0.0
0.0
0.0
0.0
0.0
0.0
0.0
0.0
0.0
0.0
0.0
0.0
0.0
0.0
0.0
0.0
0.0
0.0
0.0
0.0
0.0
0.0
0.0
0.0
0.0
0.0
0.0
0.0
0.0
0.0
0.0
0.0
0.0
0.0
0.0
0.0
0.0
0.0
0.0
0.0
0.0
0.0
0.0
0.0
0.0
0.0
0.0
0.0
0.0
0.0
0.0
0.0
0.0
0.0
0.0
0.0
0.0
0.0
0.0
0.0
0.0
0.0
0.0
0.0
0.0
0.0
0.0
0.0
0.0
0.0
0.0
0.0
0.0
0.0
0.0
