-31.8172173
-31.8172173
-31.5387373
-31.5387373
-31.5387373
-31.5387373
-31.5387373
-31.5387373
-31.5387373
-31.5387373
-31.5387373
-31.5387373
-31.5387373
-31.5387373
-31.5387373
-31.5387373
-31.5387373
-31.5387373
-31.5387373
-31.5387373
-31.5387373
-29.9603173
-29.1555373
-23.4183953
-22.2913748
-18.2556048
-16.6955848
-16.2431469
-14.1272339
-14.3937049
-14.1068309
-13.1794179
-11.5669279
-11.5669279
-11.5669279
-11.2725888
-11.2725888
-10.5260158
-10.5260158
-10.5260158
-10.5260158
-10.5260158
-10.5260158
-10.5260158
-10.5046818
-10.5046818
-10.5046818
-10.5046818
-10.5046818
-10.1768618
-10.1768618
-10.1768618
-10.1768618
-10.1768618
-10.1768618
-10.1768618
-10.1768618
-10.1768618
-10.1768618
-10.1768618
-10.1768618
-10.1768618
-10.1768618
-10.1768618
-10.1768618
-8.3288418
-8.3288418
-8.3288418
-8.3288418
-6.3203922
-5.6093922
-5.6093922
-5.6093922
-5.6093922
-5.2894322
-4.9950022
-4.9950022
-4.9950022
-4.9950022
-4.9950022
-4.9950022
-4.7950022
-4.7950022
-4.7950022
-4.7950022
-4.7950022
-4.7950022
-4.7950022
-4.7950022
-4.7950022
-4.7950022
-4.7950022
-4.7950022
-4.7950022
-4.7950022
-4.7950022
-4.7950022
-4.7950022
-4.7950022
-5.7205922
-5.7205922
-5.7205922
-5.7205922
-5.7205922
-5.7205922
-5.7205922
-5.7205922
-5.7205922
-5.7205922
-5.7205922
-5.4591022
-5.4591022
-5.4591022
-5.2341922
-5.2341922
-5.2341922
-5.2341922
-5.2341922
-5.2341922
-5.2341922
-5.2341922
-5.1793822
-5.1793822
-5.1793822
-5.1793822
-5.1793822
-5.1793822
-5.1793822
-5.1793822
-5.1793822
-5.1793822
-5.1793822
-5.1793822
-5.1793822
-5.1793822
-5.1793822
-5.1793822
-5.1793822
-5.1793822
-5.1793822
-5.1793822
-5.1793822
-5.1793822
-5.1793822
-5.1793822
-5.1793822
-5.1793822
-5.1793822
-5.1793822
-5.1793822
-4.7674122
-4.7674122
-4.7674122
-4.7674122
-4.7674122
-4.7674122
-4.7674122
-4.7674122
-4.7674122
-4.7674122
-4.7674122
-4.7674122
-4.7674122
-4.7674122
-4.7674122
-4.7674122
-4.7674122
-4.7674122
-4.7674122
-4.7674122
-4.7674122
-4.7674122
-4.7674122
-4.7674122
-4.7674122
-3.8193922
-3.8193922
-3.8193922
-3.8193922
-3.8193922
-3.8193922
-3.8193922
-3.8193922
-3.8193922
-3.8193922
-3.8193922
-3.8193922
-3.8193922
-3.8193922
-3.8193922
-3.8193922
-3.8193922
-3.8193922
-3.8193922
-3.8193922
-3.3885722
-3.3885722
-3.3885722
-2.8122222
-2.8122222
-2.8122222
-2.8122222
-2.3294422
-1.8286122
-1.8286122
-1.8286122
-1.8286122
-1.8286122
-1.7965212
-1.7965212
-1.7965212
-1.7965212
-1.7965212
-1.7965212
-1.7965212
-1.7965212
-1.7965212
-1.5770812
-1.3753712
-1.3753712
-1.0965812
-1.0965812
-1.0965812
-1.0965812
-1.0965812
-1.0965812
-1.0965812
-1.0965812
-1.0965812
-1.0965812
-0.7330412
-0.7330412
-0.5629412
-0.5629412
-0.5629412
-0.5629412
-0.0049512
0.0
0.0
0.0
0.0
0.0
0.0
0.0
0.0
0.0
0.0
0.0
0.0
0.0
0.0
0.0
0.0
0.0
0.0
0.0
0.0
0.0
0.0
0.0
0.0
0.0
0.0
0.0
0.0
0.0
0.0
0.0
0.0
0.0
0.0
0.0
0.0
0.0
0.0
0.0
0.0
0.0
0.0
0.0
0.0
0.0
0.0
0.0
0.0
0.0
0.0
0.0
0.0
0.0
0.0
0.0
0.0
0.0
0.0
0.0
0.0
0.0
0.0
0.0
0.0
0.0
0.0
0.0
0.0
0.0
0.0
0.0
0.0
0.0
0.0
0.0
0.0
0.0
0.0
0.0
0.0
0.0
0.0
0.0
0.0
0.0
0.0
0.0
0.0
0.0
0.0
0.0
0.0
0.0
0.0
0.0
0.0
0.0
0.0
0.0
0.0
0.0
0.0
0.0
0.0
0.0
0.0
0.0
0.0
0.0
0.0
0.0
0.0
0.0
0.0
0.0
0.0
0.0
0.0
0.0
0.0
0.0
0.0
0.0
