-31.8172173
-31.8172173
-31.8172173
-31.8172173
-31.8172173
-31.8172173
-31.8172173
-31.8172173
-31.8172173
-31.7988173
-31.5988173
-31.5988173
-31.3739073
-31.3739073
-31.3739073
-31.3739073
-31.3739073
-31.3739073
-31.3739073
-31.3739073
-31.3739073
-31.3739073
-31.3739073
-31.3739073
-31.3739073
-31.3739073
-31.3739073
-31.3739073
-31.3739073
-31.3739073
-31.3739073
-31.3739073
-31.3739073
-31.3739073
-30.7330973
-30.7330973
-30.7330973
-30.7330973
-30.7070973
-30.7070973
-30.7070973
-30.7070973
-30.7070973
-30.7070973
-30.7070973
-30.7070973
-30.7070973
-30.7070973
-30.7070973
-30.7070973
-30.7070973
-30.7070973
-30.7070973
-30.7070973
-30.7070973
-30.4862473
-30.4862473
-30.4862473
-30.4862473
-30.4862473
-30.1704643
-30.1704643
-30.1704643
-30.1704643
-30.1704643
-30.1704643
-30.1704643
-30.1704643
-30.1704643
-29.6833002758
-29.6833002758
-29.6833002758
-29.6833002758
-29.6833002758
-29.6833002758
-29.6833002758
-29.6833002758
-29.6833002758
-29.6833002758
-29.6833002758
-29.568151414
-29.568151414
-29.156181414
-29.156181414
-29.156181414
-29.156181414
-28.5223943002
-28.5223943002
-28.5223943002
-28.5223943002
-28.5223943002
-28.5223943002
-28.5223943002
-28.1702643002
-27.9508243002
-27.9508243002
-27.5625143002
-27.4863703002
-27.4863703002
-27.4863703002
-26.3637303002
-26.3637303002
-25.6333403002
-25.6333403002
-25.4617013002
-24.7699522002
-24.5875942
-24.5875942
-24.5875942
-24.5875942
-24.5875942
-24.3066046
-24.1214746
-24.1214746
-23.8278146
-23.8278146
-22.8291337
-22.8291337
-22.8291337
-22.8291337
-22.8291337
-22.8291337
-22.8291337
-22.8291337
-22.8291337
-22.8291337
-22.8291337
-22.3625241
-22.3625241
-21.1521441
-21.1521441
-20.9926941
-20.3373729
-20.3373729
-20.3373729
-20.3373729
-20.3373729
-20.3373729
-20.3373729
-20.1739939
-19.1739939
-19.1739939
-18.2947939
-17.7807839
-17.7807839
-17.7807839
-17.7807839
-17.7807839
-17.7807839
-17.3531931976
-17.3531931976
-17.3531931976
-17.1543331976
-16.6807331976
-16.6789035976
-16.6789035976
-16.6789035976
-16.6789035976
-16.6789035976
-14.3306135976
-14.1408752
-14.1408752
-14.1408752
-14.1408752
-13.6830452
-13.6830452
-13.6830452
-13.6830452
-13.6830452
-13.6830452
-13.6830452
-13.6612718
-13.6612718
-13.6612718
-13.6612718
-13.6612718
-13.6612718
-13.6612718
-13.6612718
-13.6612718
-12.2218508
-12.2218508
-11.6494415024
-11.6494415024
-11.6494415024
-11.6494415024
-10.6512711024
-10.6512711024
-10.6512711024
-10.6512711024
-10.6512711024
-10.6512711024
-10.6512711024
-9.81072110236
-9.81072110236
-9.13797070237
-8.41435070237
-7.41435070236
-7.41435070236
-7.41435070236
-7.41435070236
-7.41435070236
-6.66489070236
-6.66489070236
-5.66489070236
-5.66489070236
-4.66489070236
-4.66489070236
-4.66489070236
-3.61495
-3.61495
-3.61495
-3.61495
-3.61495
-3.61495
-3.61495
-3.61495
-3.61495
-3.61495
-3.61495
-2.61495
-2.61495
-2.61495
-2.61495
-2.61495
-1.69461
-1.69461
-1.69461
-1.69461
-1.69461
-1.69461
-1.69461
-1.69461
-1.69461
-1.69461
-1.69461
-1.69461
-1.69461
-1.69461
-1.69461
-1.69461
-1.69461
-1.69461
-1.69461
-1.69461
0
0
0
0
0
0
0
0
0
0
0
0
0
0
0
0
0
0
0
0
0
0
0
0
0
0
0
0
0
0
0
0
0
0
0
0
0
0
0
0
0
0
0
0
0
0
0
0
0
0
0
0
0
0
0
0
0
0
0
0
0
0
0
0
0
0
0
0
0
0
0
0
0
0
0
0
0
0
0
0
0
0
0
0
0
0
0
0
0
0
0
0
0
0
0
0
0
0
0
0
0
0
0
0
0
0
0
0
0
0
0
0
0
0
0
