-31.8172173
-31.8172173
-31.8172173
-31.8172173
-31.8172173
-31.8172173
-31.8172173
-31.8172173
-31.8172173
-31.8172173
-31.8172173
-31.8172173
-31.8172173
-31.8172173
-31.8172173
-31.8172173
-31.8172173
-31.8172173
-31.7084473
-31.7084473
-31.7084473
-31.7084473
-31.7084473
-31.1386873
-31.1386873
-31.1386873
-31.1386873
-31.1386873
-31.1386873
-31.1386873
-31.1386873
-31.1386873
-31.1386873
-31.1386873
-31.1386873
-31.1386873
-31.1386873
-31.1386873
-31.1386873
-31.1386873
-31.1386873
-31.1386873
-31.1386873
-31.1386873
-31.1386873
-31.1386873
-31.1386873
-30.8910973
-30.8910973
-30.8910973
-30.8910973
-30.8910973
-30.8861461
-30.8861461
-30.8861461
-30.8861461
-30.8861461
-30.8861461
-30.8861461
-30.8861461
-30.8861461
-30.4916959851
-30.4916959851
-30.0141561
-29.915685652
-29.915685652
-29.915685652
-29.915685652
-29.915685652
-29.915685652
-29.860875652
-29.860875652
-29.860875652
-29.1246876132
-28.7725576132
-28.7725576132
-28.7725576132
-28.5342076132
-28.5342076132
-28.5342076132
-28.5342076132
-28.5342076132
-28.5342076132
-28.5342076132
-28.5342076132
-28.5342076132
-28.5342076132
-28.5342076132
-28.5342076132
-27.5342076132
-27.5342076132
-27.5342076132
-27.5342076132
-27.5342076132
-27.5342076132
-27.5342076132
-27.2727176132
-26.8002376132
-26.8002376132
-26.8002376132
-26.8002376132
-26.8002376132
-26.8002376132
-26.8002376132
-26.8002376132
-26.8002376132
-26.8002376132
-26.4547176132
-26.4547176132
-26.4547176132
-26.4547176132
-26.4547176132
-26.4547176132
-26.4547176132
-26.4139176132
-26.4139176132
-26.4139176132
-26.4139176132
-26.4139176132
-26.4139176132
-25.4139176134
-25.4139176134
-25.4139176134
-25.4139176134
-25.4139176134
-25.4139176134
-24.5581876134
-24.4104776134
-22.4104776134
-22.4104776134
-22.4104776134
-22.4104776134
-22.4104776134
-22.4104776134
-22.4104776134
-22.4104776134
-22.4104776134
-22.4104776134
-21.2632376134
-20.8275195524
-20.8275195524
-20.8275195524
-20.8275195524
-20.8275195524
-20.8275195524
-20.8275195524
-20.8275195524
-20.0108495524
-20.0108495524
-20.0108495524
-19.0905095524
-19.0905095524
-19.0905095524
-19.0905095524
-16.9649995524
-16.9649995524
-16.9649995524
-16.9649995524
-16.9649995524
-16.9649995524
-16.9649995524
-15.3676865524
-15.3463525524
-15.3463525524
-15.3463525524
-15.3463525524
-15.3463525524
-15.3463525524
-15.3463525524
-15.3463525524
-13.4688025524
-11.1285925524
-11.1285925524
-10.8975325524
-10.8975325524
-10.0781125524
-8.43026340037
-8.43026340037
-8.43026340037
-8.43026340037
-8.43026340037
-8.43026340037
-8.43026340037
-8.43026340037
-8.43026340037
-8.43026340037
-8.43026340037
-8.3402208279
-8.3402208279
-8.3402208279
-8.3402208279
-7.6935712279
-7.6935712279
-7.6935712279
-7.6935712279
-7.4610512279
-7.0727412279
-7.0727412279
-6.3617412279
-4.0837478279
-4.0837478279
-4.0837478279
-4.0837478279
-4.0837478279
-4.0837478279
-4.0291388279
-4.0291388279
-4.0291388279
-4.0291388279
-4.0291388279
-4.0291388279
-4.0291388279
-4.0291388279
-4.0291388279
-4.0291388279
-4.0291388279
-4.0291388279
-4.0291388279
-4.0291388279
-3.65044000038
-1.65044000037
-1.65044000037
-1.65044000037
-1.65044000037
-1.65044000037
-1.65044000037
-1.65044000037
-1.65044000037
-1.65044000037
-1.65044000037
-1.65044000037
-1.65044000037
-1.18333000001
-1.18333000001
-1.18333000001
-1.18333000001
-1.18333000001
-1.18333000001
0
0
0
0
0
0
0
0
0
0
0
0
0
0
0
0
0
0
0
0
0
0
0
0
0
0
0
0
0
0
0
0
0
0
0
0
0
0
0
0
0
0
0
0
0
0
0
0
0
0
0
0
0
0
0
0
0
0
0
0
0
0
0
0
0
0
0
0
0
0
0
0
0
0
0
0
0
0
0
0
0
0
0
0
0
0
0
0
0
0
0
0
0
0
0
0
0
0
0
0
0
0
0
0
0
0
0
0
0
0
0
0
0
0
0
0
0
0
0
0
0
0
