3.5527136788e-13
3.5527136788e-13
3.5527136788e-13
3.5527136788e-13
3.5527136788e-13
3.5527136788e-13
3.5527136788e-13
3.5527136788e-13
3.5527136788e-13
1.84
21.84
21.84
44.331
44.331
44.331
44.331
44.331
44.331
44.331
44.331
44.331
44.331
44.331
44.331
44.331
44.331
44.331
44.331
44.331
44.331
44.331
44.331
44.331
44.331
108.412
108.412
108.412
108.412
111.012
111.012
111.012
111.012
111.012
111.012
111.012
111.012
111.012
111.012
111.012
111.012
111.012
111.012
111.012
111.012
111.012
133.097
133.097
133.097
133.097
133.097
164.6753
164.6753
164.6753
164.6753
164.6753
164.6753
164.6753
164.6753
164.6753
213.391702421
213.391702421
213.391702421
213.391702421
213.391702421
213.391702421
213.391702421
213.391702421
213.391702421
213.391702421
213.391702421
224.9065886
224.9065886
266.1035886
266.1035886
266.1035886
266.1035886
329.482299981
329.482299981
329.482299981
329.482299981
329.482299981
329.482299981
329.482299981
364.695299981
386.639299981
386.639299981
425.470299981
433.084699981
433.084699981
433.084699981
545.348699981
545.348699981
618.387699981
618.387699981
635.551599981
704.726509981
722.96231
722.96231
722.96231
722.96231
722.96231
751.06127
769.57427
769.57427
798.94027
798.940270001
898.808360001
898.808360001
898.808360001
898.808360001
898.808360001
898.808360001
898.808360001
898.808360001
898.808360001
898.808360001
898.808360001
945.469320001
945.469320001
1066.50732
1066.50732
1082.45232
1147.98444
1147.98444
1147.98444
1147.98444
1147.98444
1147.98444
1147.98444
1164.32234
1264.32234
1264.32234
1352.24234
1403.64334
1403.64334
1403.64334
1403.64334
1403.64334
1403.64334
1446.40241024
1446.40241024
1446.40241024
1466.28841024
1513.64841024
1513.83137024
1513.83137024
1513.83137024
1513.83137024
1513.83137024
1748.66037024
1767.63421
1767.63421
1767.63421
1767.63421
1813.41721
1813.41721
1813.41721
1813.41721
1813.41721
1813.41721
1813.41721
1815.59455
1815.59455
1815.59455
1815.59455
1815.59455
1815.59455
1815.59455
1815.59455
1815.59455
1959.53665
1959.53665
2016.77757976
2016.77757976
2016.77757976
2016.77757976
2116.59461976
2116.59461976
2116.59461976
2116.59461976
2116.59461976
2116.59461976
2116.59461976
2200.64961976
2200.64961976
2267.92465976
2340.28665976
2440.28665976
2440.28665976
2440.28665976
2440.28665976
2440.28665976
2515.23265976
2515.23265976
2615.23265976
2615.23265976
2715.23265976
2715.23265976
2715.23265976
2820.22673
2820.22673
2820.22673
2820.22673
2820.22673
2820.22673
2820.22673
2820.22673
2820.22673
2820.22673
2820.22673
2920.22673
2920.22673
2920.22673
2920.22673
2920.22673
3012.26073
3012.26073
3012.26073
3012.26073
3012.26073
3012.26073
3012.26073
3012.26073
3012.26073
3012.26073
3012.26073
3012.26073
3012.26073
3012.26073
3012.26073
3012.26073
3012.26073
3012.26073
3012.26073
3012.26073
3181.72173
3181.72173
3181.72173
3181.72173
3181.72173
3181.72173
3181.72173
3181.72173
3181.72173
3181.72173
3181.72173
3181.72173
3181.72173
3181.72173
3181.72173
3181.72173
3181.72173
3181.72173
3181.72173
3181.72173
3181.72173
3181.72173
3181.72173
3181.72173
3181.72173
3181.72173
3181.72173
3181.72173
3181.72173
3181.72173
3181.72173
3181.72173
3181.72173
3181.72173
3181.72173
3181.72173
3181.72173
3181.72173
3181.72173
3181.72173
3181.72173
3181.72173
3181.72173
3181.72173
3181.72173
3181.72173
3181.72173
3181.72173
3181.72173
3181.72173
3181.72173
3181.72173
3181.72173
3181.72173
3181.72173
3181.72173
3181.72173
3181.72173
3181.72173
3181.72173
3181.72173
3181.72173
3181.72173
3181.72173
3181.72173
3181.72173
3181.72173
3181.72173
3181.72173
3181.72173
3181.72173
3181.72173
3181.72173
3181.72173
3181.72173
3181.72173
3181.72173
3181.72173
3181.72173
3181.72173
3181.72173
3181.72173
3181.72173
3181.72173
3181.72173
3181.72173
3181.72173
3181.72173
3181.72173
3181.72173
3181.72173
3181.72173
3181.72173
3181.72173
3181.72173
3181.72173
3181.72173
3181.72173
3181.72173
3181.72173
3181.72173
3181.72173
3181.72173
3181.72173
3181.72173
3181.72173
3181.72173
3181.72173
3181.72173
3181.72173
3181.72173
3181.72173
3181.72173
3181.72173
3181.72173
