3.5527136788e-13
3.5527136788e-13
3.5527136788e-13
85.573
85.573
85.573
85.573
85.573
85.573
85.573
85.573
85.573
85.573
85.573
287.328
287.328
287.328
287.328
287.328
287.328
287.328
287.328
287.328
287.328
289.928
289.928
289.928
289.928
289.928
289.928
289.928
289.928
289.928
289.928
289.928
289.928
289.928
289.928
295.409
295.409
295.409
302.926
302.926
302.926
302.926
376.528
376.528
376.528
376.528
376.528
376.528
376.528
376.528
376.528
376.528
376.528
376.528
376.528
376.528
376.528
376.528
376.528
376.528
376.528
376.528
376.528
386.806385479
386.806385479
428.003385479
428.003385479
491.43882138
491.43882138
493.57222138
493.57222138
493.57222138
493.57222138
493.57222138
493.57222138
493.57222138
493.57222138
493.57222138
493.57222138
532.417016247
532.417016247
532.417016247
532.417016247
590.377016247
590.377016247
624.57122138
624.57122138
624.57122138
624.57122138
624.57122138
624.57122138
624.57122138
624.57122138
624.57122138
624.57122138
624.57122138
624.57122138
651.52222138
651.52222138
651.52222138
651.52222138
651.52222138
651.52222138
707.561279219
707.561279219
707.561279219
745.914279219
745.914279219
745.914279219
781.681279219
916.871279219
1075.74645711
1095.50632711
1108.05732711
1108.05732711
1108.05732711
1207.92541711
1208.05732711
1208.05732711
1208.05732711
1208.05732711
1258.97532711
1297.80632711
1297.80632711
1309.57046141
1309.57046141
1309.57046141
1309.57046141
1309.57046141
1309.57046141
1309.57046141
1309.57046141
1348.73843352
1348.73843352
1348.73843352
1348.73843352
1348.73843352
1448.73843353
1448.73843353
1448.73843353
1473.53843353
1473.53843353
1501.39477353
1501.39477353
1513.65877353
1529.24777353
1622.89180431
1694.40180431
1694.40180431
1694.40180431
1694.40180431
1694.40180431
1694.40180431
1694.40180431
1694.40180431
1694.40180431
1694.40180431
1694.40180431
1694.40180431
1725.54280431
1725.54280431
1725.54280431
1725.54280431
1725.54280431
1725.54280431
1725.54280431
1725.54280431
1725.54280431
1745.39880431
1858.29980431
1858.29980431
1858.29980431
1858.29980431
1858.29980431
1858.29980431
2120.17361
2120.17361
2120.17361
2120.17361
2175.97261
2175.97261
2175.97261
2175.97261
2175.97261
2205.33861
2205.33861
2205.33861
2205.33861
2205.33861
2205.33861
2205.33861
2205.33861
2420.88161
2420.88161
2420.88161
2420.88161
2420.88161
2420.88161
2420.88161
2420.88161
2420.88161
2420.88161
2420.88161
2420.88161
2420.88161
2420.88161
2420.88161
2420.88161
2420.88161
2420.88161
2420.88161
2420.88161
2420.88161
2420.88161
2420.88161
2420.88161
2420.88161
2420.88161
2420.88161
2420.88161
2420.88161
2420.88161
2420.88161
2420.88161
2457.10361
2657.55461
2657.55461
2657.55461
2754.36161
2754.36161
2754.36161
2754.36161
2754.36161
2754.36161
2754.36161
2956.63661
3181.72173
3181.72173
3181.72173
3181.72173
3181.72173
3181.72173
3181.72173
3181.72173
3181.72173
3181.72173
3181.72173
3181.72173
3181.72173
3181.72173
3181.72173
3181.72173
3181.72173
3181.72173
3181.72173
3181.72173
3181.72173
3181.72173
3181.72173
3181.72173
3181.72173
3181.72173
3181.72173
3181.72173
3181.72173
3181.72173
3181.72173
3181.72173
3181.72173
3181.72173
3181.72173
3181.72173
3181.72173
3181.72173
3181.72173
3181.72173
3181.72173
3181.72173
3181.72173
3181.72173
3181.72173
3181.72173
3181.72173
3181.72173
3181.72173
3181.72173
3181.72173
3181.72173
3181.72173
3181.72173
3181.72173
3181.72173
3181.72173
3181.72173
3181.72173
3181.72173
3181.72173
3181.72173
3181.72173
3181.72173
3181.72173
3181.72173
3181.72173
3181.72173
3181.72173
3181.72173
3181.72173
3181.72173
3181.72173
3181.72173
3181.72173
3181.72173
3181.72173
3181.72173
3181.72173
3181.72173
3181.72173
3181.72173
3181.72173
3181.72173
3181.72173
3181.72173
3181.72173
3181.72173
3181.72173
3181.72173
3181.72173
3181.72173
3181.72173
3181.72173
3181.72173
3181.72173
3181.72173
3181.72173
3181.72173
3181.72173
3181.72173
3181.72173
3181.72173
3181.72173
3181.72173
3181.72173
3181.72173
3181.72173
3181.72173
3181.72173
3181.72173
3181.72173
3181.72173
3181.72173
3181.72173
3181.72173
3181.72173
3181.72173
3181.72173
3181.72173
3181.72173
