3.5527136788e-13
3.5527136788e-13
3.5527136788e-13
3.5527136788e-13
3.5527136788e-13
3.5527136788e-13
3.5527136788e-13
3.5527136788e-13
3.5527136788e-13
4.08
4.08
4.08
4.08
4.08
4.08
4.08
4.08
4.08
4.08
4.08
4.08
4.08
4.08
9.561
9.561
9.561
9.561
9.561
9.561
9.561
9.561
9.561
9.561
9.561
9.561
9.561
9.561
9.561
9.561
9.561
29.417
49.417
49.417
49.417
49.417
49.417
49.417
49.417
49.417
49.417
49.417
114.958
209.96
209.96
209.96
209.96
209.96
455.658
539.46
539.46
539.46
556.127
556.127
556.127
591.34
613.831
613.831
613.831
615.9644
615.9644
615.9644
615.9644
615.9644
615.9644
615.9644
615.9644
629.7474
803.3814
803.3814
803.3814
803.3814
803.3814
803.3814
803.3814
803.3814
803.3814
803.3814
925.2634
925.2634
925.2634
968.3454
994.4944
1006.7584
1006.7584
1006.7584
1006.7584
1006.7584
1072.29052
1072.29052
1072.29052
1072.29052
1072.29052
1072.29052
1072.29052
1125.24352
1125.24352
1125.24352
1125.24352
1125.24352
1125.24352
1154.69446007
1154.69446007
1154.69446007
1242.71146007
1242.71146007
1242.71146007
1242.71146007
1242.71146007
1242.71146007
1242.71146007
1242.71146007
1242.71146007
1242.71146007
1242.71146007
1293.62946007
1293.62946007
1293.62946007
1293.62946007
1293.62946007
1293.62946007
1347.94294035
1347.94294035
1347.94294035
1372.31894035
1372.31894035
1372.31894035
1372.31894035
1372.31894035
1372.31894035
1372.31894035
1372.31894035
1372.31894035
1372.31894035
1436.55194035
1436.55194035
1436.55194035
1436.55194035
1436.55194035
1436.55194035
1436.55194035
1741.26424035
1741.26424035
1741.26424035
1925.82624035
1925.82624035
1925.82624035
1925.82624035
1925.82624035
1925.82624035
1925.82624035
1925.82624035
1925.82624035
1925.82624035
1925.82624035
1925.82624035
1925.82624035
2195.26624035
2195.26624035
2195.26624035
2195.26624035
2195.26624035
2195.26624035
2195.26624035
2195.26624035
2217.21024035
2217.21024035
2217.21024035
2217.21024035
2234.84702661
2234.84702661
2234.84702661
2234.84702661
2234.84702661
2234.84702661
2428.34737007
2428.34737007
2428.34737007
2428.34737007
2428.34737007
2428.34737007
2428.34737007
2428.34737007
2428.34737007
2428.34737007
2428.34737007
2428.34737007
2428.34737007
2428.34737007
2428.34737007
2428.34737007
2515.76671007
2515.76671007
2515.76671007
2515.76671007
2515.76671007
2515.76671007
2515.76671007
2573.69273
2573.69273
2573.69273
2573.69273
2573.69273
2573.69273
2625.91073
2673.69273
2673.69273
2673.69273
2673.69273
2673.69273
2673.69273
2673.69273
2673.69273
2673.69273
2673.69273
2673.69273
2673.69273
2702.08573
2851.74873
2851.74873
2851.74873
2851.74873
2851.74873
2851.74873
2944.14041669
2989.33141669
3030.52841669
3030.52841669
3092.94573
3092.94573
3092.94573
3092.94573
3092.94573
3092.94573
3092.94573
3092.94573
3092.94573
3092.94573
3092.94573
3092.94573
3092.94573
3092.94573
3092.94573
3092.94573
3092.94573
3092.94573
3092.94573
3092.94573
3092.94573
3092.94573
3092.94573
3092.94573
3092.94573
3092.94573
3092.94573
3092.94573
3092.94573
3092.94573
3092.94573
3092.94573
3092.94573
3092.94573
3092.94573
3092.94573
3092.94573
3092.94573
3092.94573
3092.94573
3092.94573
3092.94573
3092.94573
3092.94573
3092.94573
3092.94573
3092.94573
3092.94573
3092.94573
3092.94573
3092.94573
3092.94573
3092.94573
3092.94573
3092.94573
3092.94573
3092.94573
3092.94573
3092.94573
3092.94573
3092.94573
3092.94573
3092.94573
3092.94573
3092.94573
3092.94573
3092.94573
3092.94573
3092.94573
3092.94573
3092.94573
3181.72173
3181.72173
3181.72173
3181.72173
3181.72173
3181.72173
3181.72173
3181.72173
3181.72173
3181.72173
3181.72173
3181.72173
3181.72173
3181.72173
3181.72173
3181.72173
3181.72173
3181.72173
3181.72173
3181.72173
3181.72173
3181.72173
3181.72173
3181.72173
3181.72173
3181.72173
3181.72173
3181.72173
3181.72173
3181.72173
3181.72173
3181.72173
3181.72173
3181.72173
3181.72173
3181.72173
3181.72173
3181.72173
3181.72173
3181.72173
3181.72173
3181.72173
3181.72173
3181.72173
3181.72173
3181.72173
3181.72173
3181.72173
3181.72173
3181.72173
3181.72173
3181.72173
