-31.8172173
-31.8172173
-31.8172173
-31.8172173
-31.8172173
-31.8172173
-31.8172173
-31.3923073
-31.3923073
-31.3923073
-31.3923073
-31.3923073
-31.3923073
-31.3923073
-31.3923073
-31.3923073
-31.3923073
-31.3515073
-31.3515073
-31.3515073
-31.3515073
-31.3515073
-31.3515073
-31.3515073
-31.3515073
-31.3515073
-31.3515073
-31.3515073
-31.3515073
-31.3515073
-31.3470387745
-31.3470387745
-31.3470387745
-31.3470387745
-31.3470387745
-31.3470387745
-31.3470387745
-31.3470387745
-31.3470387745
-31.3470387745
-31.3470387745
-31.3470387745
-30.3470387745
-29.5317039115
-29.5062174536
-29.5062174536
-29.4878174536
-29.4878174536
-29.4878174536
-29.4878174536
-29.4878174536
-29.4878174536
-29.4878174536
-29.4878174536
-29.0789369791
-28.6831369791
-28.531394145
-28.531394145
-27.5660547316
-27.5660547316
-27.5660547316
-27.5660547316
-27.5660547316
-27.5660547316
-27.5660547316
-27.5660547316
-27.5660547316
-27.095702272
-27.095702272
-27.095702272
-26.9153889436
-26.9153889436
-26.9153889436
-26.6369089436
-26.6369089436
-26.0721384692
-25.5072784692
-25.5072784692
-24.8552084692
-23.8552084692
-23.8552084692
-23.8552084692
-23.8552084692
-23.8552084692
-23.5930484692
-23.5930484692
-23.5930484692
-23.5930484692
-23.3492517255
-23.3492517255
-23.3492517255
-23.2944417255
-23.2944417255
-23.2944417255
-22.2944417255
-21.2944417255
-21.0296483971
-21.0296483971
-21.0296483971
-21.0296483971
-21.0296483971
-20.3817783971
-20.3817783971
-20.3817783971
-20.2250288716
-20.2036948716
-20.2036948716
-20.2036948716
-19.9124148716
-19.9124148716
-19.9124148716
-19.9124148716
-19.5748948716
-19.5748948716
-19.5748948716
-19.5748948716
-19.5748948716
-19.0608848716
-19.0608848716
-19.0608848716
-19.0608848716
-19.0608848716
-19.0608848716
-19.0608848716
-19.0608848716
-19.0608848716
-19.0608848716
-18.0590552716
-17.0590552716
-17.0590552716
-17.0590552716
-15.8850218716
-15.8850218716
-15.8850218716
-14.8850218716
-14.8850218716
-14.4542018716
-13.7189952
-13.7189952
-13.7189952
-13.7189952
-13.3668652
-13.3668652
-13.3668652
-13.3668652
-12.8280042
-12.8280042
-12.8280042
-12.5804142
-12.5804142
-11.9380842
-11.9380842
-11.9380842
-11.9380842
-11.9380842
-11.9380842
-11.9380842
-11.9380842
-11.9380842
-11.9380842
-11.9380842
-9.94185419999
-9.36527524516
-8.28064224516
-8.28064224516
-7.99574224516
-7.99574224516
-7.99574224516
-7.99574224516
-7.48656224516
-6.34503224516
-5.36142224516
-4.69234224516
-4.69234224516
-4.69234224516
-4.69234224516
-4.69234224516
-4.69234224516
-4.69234224516
-2.82174
-2.82174
-2.82174
-2.82174
-2.82174
-2.82174
-2.82174
-2.41058
-2.41058
-2.41058
-2.41058
-2.41058
-2.41058
-2.41058
-2.41058
-2.41058
-2.41058
-2.41058
-2.41058
-2.41058
-2.41058
-2.41058
-2.41058
-2.41058
-2.41058
-2.41058
0
0
0
0
0
0
0
0
0
0
0
0
0
0
0
0
0
0
0
0
0
0
0
0
0
0
0
0
0
0
0
0
0
0
0
0
0
0
0
0
0
0
0
0
0
0
0
0
0
0
0
0
0
0
0
0
0
0
0
0
0
0
0
0
0
0
0
0
0
0
0
0
0
0
0
0
0
0
0
0
0
0
0
0
0
0
0
0
0
0
0
0
0
0
0
0
0
0
0
0
0
0
0
0
0
0
0
0
0
0
0
0
0
0
0
0
0
0
0
0
0
0
0
0
0
0
0
0
0
0
0
0
0
0
0
0
0
0
0
0
0
0
0
0
0
0
0
0
0
0
0
0
0
0
0
