3.5527136788e-13
3.5527136788e-13
3.5527136788e-13
3.5527136788e-13
3.5527136788e-13
3.5527136788e-13
3.5527136788e-13
3.5527136788e-13
3.5527136788e-13
3.5527136788e-13
3.5527136788e-13
3.5527136788e-13
3.5527136788e-13
3.5527136788e-13
3.5527136788e-13
3.5527136788e-13
3.5527136788e-13
3.5527136788e-13
10.877
10.877
10.877
10.877
10.877
67.853
67.853
67.853
67.853
67.853
67.853
67.853
67.853
67.853
67.853
67.853
67.853
67.853
67.853
67.853
67.853
67.853
67.853
67.853
67.853
67.853
67.853
67.853
67.853
92.612
92.612
92.612
92.612
92.612
93.10712
93.10712
93.10712
93.10712
93.10712
93.10712
93.10712
93.10712
93.10712
132.55213149
132.55213149
180.30612
190.153164799
190.153164799
190.153164799
190.153164799
190.153164799
190.153164799
195.634164799
195.634164799
195.634164799
269.252968679
304.465968679
304.465968679
304.465968679
328.300968679
328.300968679
328.300968679
328.300968679
328.300968679
328.300968679
328.300968679
328.300968679
328.300968679
328.300968679
328.300968679
328.300968679
428.300968679
428.300968679
428.300968679
428.300968679
428.300968679
428.300968679
428.300968679
454.449968679
501.697968679
501.697968679
501.697968679
501.697968679
501.697968679
501.697968679
501.697968679
501.697968679
501.697968679
501.697968679
536.249968679
536.249968679
536.249968679
536.249968679
536.249968679
536.249968679
536.249968679
540.329968679
540.329968679
540.329968679
540.329968679
540.329968679
540.329968679
640.329968662
640.329968662
640.329968662
640.329968662
640.329968662
640.329968662
725.902968662
740.673968662
940.673968662
940.673968662
940.673968662
940.673968662
940.673968662
940.673968662
940.673968662
940.673968662
940.673968662
940.673968662
1055.39796866
1098.96977476
1098.96977476
1098.96977476
1098.96977476
1098.96977476
1098.96977476
1098.96977476
1098.96977476
1180.63677476
1180.63677476
1180.63677476
1272.67077476
1272.67077476
1272.67077476
1272.67077476
1485.22177476
1485.22177476
1485.22177476
1485.22177476
1485.22177476
1485.22177476
1485.22177476
1644.95307476
1647.08647476
1647.08647476
1647.08647476
1647.08647476
1647.08647476
1647.08647476
1647.08647476
1647.08647476
1834.84147476
2068.86247476
2068.86247476
2091.96847476
2091.96847476
2173.91047476
2338.69538996
2338.69538996
2338.69538996
2338.69538996
2338.69538996
2338.69538996
2338.69538996
2338.69538996
2338.69538996
2338.69538996
2338.69538996
2347.69964721
2347.69964721
2347.69964721
2347.69964721
2412.36460721
2412.36460721
2412.36460721
2412.36460721
2435.61660721
2474.44760721
2474.44760721
2545.54760721
2773.34694721
2773.34694721
2773.34694721
2773.34694721
2773.34694721
2773.34694721
2778.80784721
2778.80784721
2778.80784721
2778.80784721
2778.80784721
2778.80784721
2778.80784721
2778.80784721
2778.80784721
2778.80784721
2778.80784721
2778.80784721
2778.80784721
2778.80784721
2816.67772996
3016.67772996
3016.67772996
3016.67772996
3016.67772996
3016.67772996
3016.67772996
3016.67772996
3016.67772996
3016.67772996
3016.67772996
3016.67772996
3016.67772996
3063.38873
3063.38873
3063.38873
3063.38873
3063.38873
3063.38873
3181.72173
3181.72173
3181.72173
3181.72173
3181.72173
3181.72173
3181.72173
3181.72173
3181.72173
3181.72173
3181.72173
3181.72173
3181.72173
3181.72173
3181.72173
3181.72173
3181.72173
3181.72173
3181.72173
3181.72173
3181.72173
3181.72173
3181.72173
3181.72173
3181.72173
3181.72173
3181.72173
3181.72173
3181.72173
3181.72173
3181.72173
3181.72173
3181.72173
3181.72173
3181.72173
3181.72173
3181.72173
3181.72173
3181.72173
3181.72173
3181.72173
3181.72173
3181.72173
3181.72173
3181.72173
3181.72173
3181.72173
3181.72173
3181.72173
3181.72173
3181.72173
3181.72173
3181.72173
3181.72173
3181.72173
3181.72173
3181.72173
3181.72173
3181.72173
3181.72173
3181.72173
3181.72173
3181.72173
3181.72173
3181.72173
3181.72173
3181.72173
3181.72173
3181.72173
3181.72173
3181.72173
3181.72173
3181.72173
3181.72173
3181.72173
3181.72173
3181.72173
3181.72173
3181.72173
3181.72173
3181.72173
3181.72173
3181.72173
3181.72173
3181.72173
3181.72173
3181.72173
3181.72173
3181.72173
3181.72173
3181.72173
3181.72173
3181.72173
3181.72173
3181.72173
3181.72173
3181.72173
3181.72173
3181.72173
3181.72173
3181.72173
3181.72173
3181.72173
3181.72173
3181.72173
3181.72173
3181.72173
3181.72173
3181.72173
3181.72173
3181.72173
3181.72173
3181.72173
3181.72173
3181.72173
3181.72173
3181.72173
3181.72173
3181.72173
3181.72173
3181.72173
3181.72173
