-31.8172173
-31.8172173
-31.8172173
-31.8172173
-31.8172173
-31.8172173
-31.8172173
-31.8172173
-31.8172173
-31.7764173
-31.7764173
-31.7764173
-31.7764173
-31.7764173
-31.7764173
-31.7764173
-31.7764173
-31.7764173
-31.7764173
-31.7764173
-31.7764173
-31.7764173
-31.7764173
-31.7216073
-31.7216073
-31.7216073
-31.7216073
-31.7216073
-31.7216073
-31.7216073
-31.7216073
-31.7216073
-31.7216073
-31.7216073
-31.7216073
-31.7216073
-31.7216073
-31.7216073
-31.7216073
-31.7216073
-31.5230473
-31.3230473
-31.3230473
-31.3230473
-31.3230473
-31.3230473
-31.3230473
-31.3230473
-31.3230473
-31.3230473
-31.3230473
-30.6676373
-29.7176173
-29.7176173
-29.7176173
-29.7176173
-29.7176173
-27.2606373
-26.4226173
-26.4226173
-26.4226173
-26.2559473
-26.2559473
-26.2559473
-25.9038173
-25.6789073
-25.6789073
-25.6789073
-25.6575733
-25.6575733
-25.6575733
-25.6575733
-25.6575733
-25.6575733
-25.6575733
-25.6575733
-25.5197433
-23.7834033
-23.7834033
-23.7834033
-23.7834033
-23.7834033
-23.7834033
-23.7834033
-23.7834033
-23.7834033
-23.7834033
-22.5645833
-22.5645833
-22.5645833
-22.1337633
-21.8722733
-21.7496333
-21.7496333
-21.7496333
-21.7496333
-21.7496333
-21.0943121
-21.0943121
-21.0943121
-21.0943121
-21.0943121
-21.0943121
-21.0943121
-20.5647821
-20.5647821
-20.5647821
-20.5647821
-20.5647821
-20.5647821
-20.2702726993
-20.2702726993
-20.2702726993
-19.3901026993
-19.3901026993
-19.3901026993
-19.3901026993
-19.3901026993
-19.3901026993
-19.3901026993
-19.3901026993
-19.3901026993
-19.3901026993
-19.3901026993
-18.8809226993
-18.8809226993
-18.8809226993
-18.8809226993
-18.8809226993
-18.8809226993
-18.3377878965
-18.3377878965
-18.3377878965
-18.0940278965
-18.0940278965
-18.0940278965
-18.0940278965
-18.0940278965
-18.0940278965
-18.0940278965
-18.0940278965
-18.0940278965
-18.0940278965
-17.4516978965
-17.4516978965
-17.4516978965
-17.4516978965
-17.4516978965
-17.4516978965
-17.4516978965
-14.4045748965
-14.4045748965
-14.4045748965
-12.5589548965
-12.5589548965
-12.5589548965
-12.5589548965
-12.5589548965
-12.5589548965
-12.5589548965
-12.5589548965
-12.5589548965
-12.5589548965
-12.5589548965
-12.5589548965
-12.5589548965
-9.86455489654
-9.86455489654
-9.86455489654
-9.86455489654
-9.86455489654
-9.86455489654
-9.86455489654
-9.86455489654
-9.64511489654
-9.64511489654
-9.64511489654
-9.64511489654
-9.4687470339
-9.4687470339
-9.4687470339
-9.4687470339
-9.4687470339
-9.4687470339
-7.53374359926
-7.53374359926
-7.53374359926
-7.53374359926
-7.53374359926
-7.53374359926
-7.53374359926
-7.53374359926
-7.53374359926
-7.53374359926
-7.53374359926
-7.53374359926
-7.53374359926
-7.53374359926
-7.53374359926
-7.53374359926
-6.65955019926
-6.65955019926
-6.65955019926
-6.65955019926
-6.65955019926
-6.65955019926
-6.65955019926
-6.08029
-6.08029
-6.08029
-6.08029
-6.08029
-6.08029
-5.55811
-5.08029
-5.08029
-5.08029
-5.08029
-5.08029
-5.08029
-5.08029
-5.08029
-5.08029
-5.08029
-5.08029
-5.08029
-4.79636
-3.29973
-3.29973
-3.29973
-3.29973
-3.29973
-3.29973
-2.37581313315
-1.92390313315
-1.51193313315
-1.51193313315
-0.88776
-0.88776
-0.88776
-0.88776
-0.88776
-0.88776
-0.88776
-0.88776
-0.88776
-0.88776
-0.88776
-0.88776
-0.88776
-0.88776
-0.88776
-0.88776
-0.88776
-0.88776
-0.88776
-0.88776
-0.88776
-0.88776
-0.88776
-0.88776
-0.88776
-0.88776
-0.88776
-0.88776
-0.88776
-0.88776
-0.88776
-0.88776
-0.88776
-0.88776
-0.88776
-0.88776
-0.88776
-0.88776
-0.88776
-0.88776
-0.88776
-0.88776
-0.88776
-0.88776
-0.88776
-0.88776
-0.88776
-0.88776
-0.88776
-0.88776
-0.88776
-0.88776
-0.88776
-0.88776
-0.88776
-0.88776
-0.88776
-0.88776
-0.88776
-0.88776
-0.88776
-0.88776
-0.88776
-0.88776
-0.88776
-0.88776
-0.88776
-0.88776
-0.88776
-0.88776
-0.88776
0
0
0
0
0
0
0
0
0
0
0
0
0
0
0
0
0
0
0
0
0
0
0
0
0
0
0
0
0
0
0
0
0
0
0
0
0
0
0
0
0
0
0
0
0
0
0
0
0
0
0
0
