3.5527136788e-13
3.5527136788e-13
3.5527136788e-13
3.5527136788e-13
3.5527136788e-13
3.5527136788e-13
3.5527136788e-13
42.491
42.491
42.491
42.491
42.491
42.491
42.491
42.491
42.491
42.491
46.571
46.571
46.571
46.571
46.571
46.571
46.571
46.571
46.571
46.571
46.571
46.571
46.571
47.0178525528
47.0178525528
47.0178525528
47.0178525528
47.0178525528
47.0178525528
47.0178525528
47.0178525528
47.0178525528
47.0178525528
47.0178525528
47.0178525528
147.017852553
228.551338853
231.099984639
231.099984639
232.939984639
232.939984639
232.939984639
232.939984639
232.939984639
232.939984639
232.939984639
232.939984639
273.828032086
313.408032086
328.582315498
328.582315498
425.11625684
425.11625684
425.11625684
425.11625684
425.11625684
425.11625684
425.11625684
425.11625684
425.11625684
472.151502796
472.151502796
472.151502796
490.182835636
490.182835636
490.182835636
518.030835636
518.030835636
574.507883083
630.993883083
630.993883083
696.200883083
796.200883083
796.200883083
796.200883083
796.200883083
796.200883083
822.416883083
822.416883083
822.416883083
822.416883083
846.796557447
846.796557447
846.796557447
852.277557447
852.277557447
852.277557447
952.277557447
1052.27755745
1078.75689029
1078.75689029
1078.75689029
1078.75689029
1078.75689029
1143.54389029
1143.54389029
1143.54389029
1159.21884284
1161.35224284
1161.35224284
1161.35224284
1190.48024284
1190.48024284
1190.48024284
1190.48024284
1224.23224284
1224.23224284
1224.23224284
1224.23224284
1224.23224284
1275.63324284
1275.63324284
1275.63324284
1275.63324284
1275.63324284
1275.63324284
1275.63324284
1275.63324284
1275.63324284
1275.63324284
1375.81620284
1475.81620284
1475.81620284
1475.81620284
1593.21954284
1593.21954284
1593.21954284
1693.21954284
1693.21954284
1736.30154284
1809.82221
1809.82221
1809.82221
1809.82221
1845.03521
1845.03521
1845.03521
1845.03521
1898.92131
1898.92131
1898.92131
1923.68031
1923.68031
1987.91331
1987.91331
1987.91331
1987.91331
1987.91331
1987.91331
1987.91331
1987.91331
1987.91331
1987.91331
1987.91331
2187.53631
2245.19420548
2353.65750548
2353.65750548
2382.14750548
2382.14750548
2382.14750548
2382.14750548
2433.06550548
2547.21850548
2645.57950548
2712.48750548
2712.48750548
2712.48750548
2712.48750548
2712.48750548
2712.48750548
2712.48750548
2899.54773
2899.54773
2899.54773
2899.54773
2899.54773
2899.54773
2899.54773
2940.66373
2940.66373
2940.66373
2940.66373
2940.66373
2940.66373
2940.66373
2940.66373
2940.66373
2940.66373
2940.66373
2940.66373
2940.66373
2940.66373
2940.66373
2940.66373
2940.66373
2940.66373
2940.66373
3181.72173
3181.72173
3181.72173
3181.72173
3181.72173
3181.72173
3181.72173
3181.72173
3181.72173
3181.72173
3181.72173
3181.72173
3181.72173
3181.72173
3181.72173
3181.72173
3181.72173
3181.72173
3181.72173
3181.72173
3181.72173
3181.72173
3181.72173
3181.72173
3181.72173
3181.72173
3181.72173
3181.72173
3181.72173
3181.72173
3181.72173
3181.72173
3181.72173
3181.72173
3181.72173
3181.72173
3181.72173
3181.72173
3181.72173
3181.72173
3181.72173
3181.72173
3181.72173
3181.72173
3181.72173
3181.72173
3181.72173
3181.72173
3181.72173
3181.72173
3181.72173
3181.72173
3181.72173
3181.72173
3181.72173
3181.72173
3181.72173
3181.72173
3181.72173
3181.72173
3181.72173
3181.72173
3181.72173
3181.72173
3181.72173
3181.72173
3181.72173
3181.72173
3181.72173
3181.72173
3181.72173
3181.72173
3181.72173
3181.72173
3181.72173
3181.72173
3181.72173
3181.72173
3181.72173
3181.72173
3181.72173
3181.72173
3181.72173
3181.72173
3181.72173
3181.72173
3181.72173
3181.72173
3181.72173
3181.72173
3181.72173
3181.72173
3181.72173
3181.72173
3181.72173
3181.72173
3181.72173
3181.72173
3181.72173
3181.72173
3181.72173
3181.72173
3181.72173
3181.72173
3181.72173
3181.72173
3181.72173
3181.72173
3181.72173
3181.72173
3181.72173
3181.72173
3181.72173
3181.72173
3181.72173
3181.72173
3181.72173
3181.72173
3181.72173
3181.72173
3181.72173
3181.72173
3181.72173
3181.72173
3181.72173
3181.72173
3181.72173
3181.72173
3181.72173
3181.72173
3181.72173
3181.72173
3181.72173
3181.72173
3181.72173
3181.72173
3181.72173
3181.72173
3181.72173
3181.72173
3181.72173
3181.72173
3181.72173
3181.72173
3181.72173
3181.72173
3181.72173
3181.72173
3181.72173
3181.72173
3181.72173
3181.72173
3181.72173
3181.72173
3181.72173
