1.84
1.84
1.84
1.84
1.84
1.84
1.84
87.413
87.413
87.413
87.413
90.013
90.013
90.013
90.013
90.013
90.013
90.013
90.013
90.013
90.013
90.013
90.013
90.013
90.013
90.013
90.013
90.013
90.013
90.013
90.53334
90.53334
90.53334
90.53334
90.53334
90.53334
90.53334
90.53334
90.53334
201.33034
201.33034
201.33034
201.33034
201.33034
201.33034
201.33034
201.33034
201.33034
201.33034
201.33034
201.33034
201.33034
201.33034
201.33034
201.33034
216.10134
216.10134
216.10134
216.10134
216.10134
216.10134
216.10134
216.10134
216.10134
216.10134
216.10134
216.10134
216.10134
216.10134
216.10134
216.10134
216.10134
216.10134
216.10134
216.10134
216.10134
216.10134
216.10134
216.10134
305.38274
305.38274
305.38274
305.38274
327.32674
327.32674
327.32674
327.32674
327.32674
327.32674
327.32674
549.91874
549.91874
549.91874
549.91874
623.52074
623.52074
623.52074
686.22534
686.22534
686.22534
686.22534
686.22534
686.22534
740.45234
804.68534
804.68534
804.68534
804.68534
804.68534
804.68534
804.68534
804.68534
888.31546
888.31546
888.31546
951.15246
951.15246
951.15246
1061.73246
1061.73246
1061.73246
1061.73246
1061.73246
1061.73246
1061.73246
1061.73246
1061.73246
1072.60946
1072.60946
1072.60946
1092.46546
1092.46546
1092.46546
1092.46546
1320.09977
1320.09977
1320.09977
1320.09977
1320.09977
1320.09977
1320.09977
1320.09977
1361.29677
1361.29677
1361.29677
1361.29677
1396.15477
1396.15477
1396.15477
1396.15477
1396.15477
1471.10077
1471.10077
1471.10077
1471.10077
1471.10077
1561.91473
1561.91473
1561.91473
1561.91473
1561.91473
1561.91473
1561.91473
1561.91473
1561.91473
1561.91473
1561.91473
1561.91473
1561.91473
1561.91473
1561.91473
1561.91473
1561.91473
1561.91473
1561.91473
1633.01473
1633.01473
1633.01473
1633.01473
1633.01473
1633.01473
1633.01473
1633.01473
1633.01473
1633.01473
1633.01473
1633.01473
1633.01473
1633.01473
1633.01473
1633.01473
1633.01473
1633.01473
1633.01473
1633.01473
1633.01473
1633.01473
1771.34473
1844.02173
1844.02173
1844.02173
1844.02173
1844.02173
1844.02173
1844.02173
1844.02173
1844.02173
1844.02173
1877.60363
1877.60363
1877.60363
1877.60363
2110.33763
2134.17263
2134.17263
2134.17263
2134.17263
2134.17263
2134.17263
2134.17263
2134.17263
2161.90363
2161.90363
2161.90363
2161.90363
2226.94063
2226.94063
2382.86263
2382.86263
2382.86263
2418.07563
2418.07563
2418.07563
2418.07563
2645.91873
2645.91873
2645.91873
2645.91873
2882.09673
2882.09673
2882.09673
2882.09673
2882.09673
2882.09673
2882.09673
2882.09673
2882.09673
2882.09673
2882.09673
2882.09673
2882.09673
2882.09673
2882.09673
2882.09673
3181.72173
3181.72173
3181.72173
3181.72173
3181.72173
3181.72173
3181.72173
3181.72173
3181.72173
3181.72173
3181.72173
3181.72173
3181.72173
3181.72173
3181.72173
3181.72173
3181.72173
3181.72173
3181.72173
3181.72173
3181.72173
3181.72173
3181.72173
3181.72173
3181.72173
3181.72173
3181.72173
3181.72173
3181.72173
3181.72173
3181.72173
3181.72173
3181.72173
3181.72173
3181.72173
3181.72173
3181.72173
3181.72173
3181.72173
3181.72173
3181.72173
3181.72173
3181.72173
3181.72173
3181.72173
3181.72173
3181.72173
3181.72173
3181.72173
3181.72173
3181.72173
3181.72173
3181.72173
3181.72173
3181.72173
3181.72173
3181.72173
3181.72173
3181.72173
3181.72173
3181.72173
3181.72173
3181.72173
3181.72173
3181.72173
3181.72173
3181.72173
3181.72173
3181.72173
3181.72173
3181.72173
3181.72173
3181.72173
3181.72173
3181.72173
3181.72173
3181.72173
3181.72173
3181.72173
3181.72173
3181.72173
3181.72173
3181.72173
3181.72173
3181.72173
3181.72173
3181.72173
3181.72173
3181.72173
3181.72173
3181.72173
3181.72173
3181.72173
3181.72173
3181.72173
3181.72173
3181.72173
3181.72173
3181.72173
3181.72173
3181.72173
3181.72173
3181.72173
3181.72173
3181.72173
3181.72173
