-6.36344346
-6.36344346
-6.36344346
-6.36344346
-6.36344346
-6.36344346
-6.36344346
-6.36344346
-6.32310146
-6.32310146
-6.32310146
-6.32310146
-6.32310146
-6.32310146
-6.15195546
-6.15195546
-6.15195546
-6.15195546
-6.15195546
-6.15195546
-6.15195546
-6.15195546
-6.15195546
-6.15195546
-6.15195546
-6.15195546
-6.15195546
-6.15195546
-6.15195546
-6.15195546
-6.15195546
-6.01963346
-6.01963346
-6.01963346
-6.01963346
-6.01963346
-6.01963346
-6.01963346
-6.01963346
-6.01963346
-6.01963346
-6.01963346
-6.01963346
-6.01963346
-6.01963346
-6.01963346
-5.99009146
-5.99009146
-5.99009146
-5.98193146
-5.98193146
-5.98193146
-5.98193146
-5.94859746
-5.94859746
-5.94859746
-5.94859746
-5.94859746
-5.94859746
-5.94859746
-5.94859746
-5.94859746
-5.94859746
-5.93329917174
-5.93329917174
-5.93329917174
-5.88623501028
-5.88623501028
-5.88623501028
-5.88623501028
-5.88623501028
-5.88623501028
-5.88623501028
-5.88623501028
-5.88623501028
-5.88623501028
-5.88623501028
-5.88623501028
-5.88623501028
-5.88623501028
-5.88623501028
-5.88623501028
-5.88623501028
-5.68967521028
-5.68967521028
-5.68540841028
-5.68540841028
-5.68540841028
-5.62842841028
-5.62842841028
-5.61746641028
-5.61746641028
-5.52530907882
-5.51192914994
-5.4615472814
-5.4150432814
-5.1591586814
-5.1591586814
-5.1591586814
-5.1591586814
-5.0799986814
-5.0799986814
-5.0799986814
-5.0799986814
-5.0799986814
-5.0799986814
-5.0799986814
-5.0799986814
-5.0799986814
-5.0799986814
-5.0799986814
-5.0799986814
-5.0799986814
-5.0144346814
-5.0144346814
-5.0144346814
-4.8144346814
-4.8019666814
-4.8019666814
-4.8019666814
-4.8019666814
-4.8019666814
-4.8019666814
-4.7256880814
-4.7256880814
-4.7256880814
-4.70952316543
-4.70952316543
-4.70952316543
-4.70952316543
-4.70952316543
-4.70853292543
-4.70853292543
-4.6499958414
-4.5911098414
-4.5911098414
-4.5911098414
-4.5911098414
-4.5911098414
-4.4558666414
-4.43761384143
-4.43061802143
-4.39084602143
-4.00677802143
-4.00677802143
-4.00677802143
-4.00677802143
-4.00677802143
-4.00677802143
-4.00677802143
-4.00677802143
-4.00677802143
-4.00677802143
-4.00677802143
-3.95018802143
-3.95018802143
-3.95018802143
-3.95018802143
-3.95018802143
-3.89158402143
-3.89158402143
-3.89158402143
-3.89158402143
-3.87214402143
-3.74093602143
-3.74093602143
-3.74093602143
-3.74093602143
-3.72066402143
-3.61221002143
-3.60236842143
-3.60236842143
-3.45850280003
-3.41632260003
-3.41632260003
-3.41632260003
-3.36981860003
-3.36981860003
-3.36981860003
-3.36981860003
-3.35233325039
-3.35233325039
-3.35233325039
-3.16827125039
-3.16827125039
-3.16827125039
-3.16827125039
-3.16827125039
-3.16827125039
-3.16827125039
-3.14324325039
-2.96301525039
-2.96301525039
-2.96301525039
-2.56301525039
-1.96301525039
-1.91021925072
-1.91021925072
-1.91021925072
-1.85554725072
-1.85554725072
-1.76624405069
-1.60210148033
-1.60210148033
-1.47580881179
-1.47580881179
-1.47580881179
-1.47580881179
-1.47580881179
-1.47580881179
-1.47580881179
-1.27580881179
-1.27580881179
-1.27580881179
-1.27580881179
-1.27580881179
-1.27580881179
-1.27580881179
-1.10388868033
-1.10388868033
-1.10388868033
-0.63152868
-0.63152868
-0.2
-0.2
-0.2
-0.2
-0.2
-0.2
-0.2
-0.2
-0.2
-0.2
-0.0200584336662
-0.0200584336662
-0.0200584336662
-0.0200584336662
-0.0200584336662
0
0
0
0
0
0
0
0
0
0
0
0
0
0
0
0
0
0
0
0
0
0
0
0
0
0
0
0
0
0
0
0
0
0
0
0
0
0
0
0
0
0
0
0
0
0
0
0
0
0
0
0
0
0
0
0
0
0
0
0
0
0
0
0
0
0
0
0
0
0
0
0
0
0
0
0
0
0
0
0
0
0
0
0
0
0
0
0
0
0
0
0
0
0
0
0
0
0
0
0
0
0
0
0
0
0
0
0
0
0
0
0
0
0
0
0
0
0
0
0
0
0
