-6.36344346
-6.36344346
-6.36344346
-6.36344346
-6.36344346
-6.36344346
-6.36344346
-6.36344346
-6.36344346
-6.36344346
-6.29236309026
-6.29236309026
-6.29236309026
-6.29236309026
-6.29236309026
-6.29236309026
-6.29236309026
-6.29236309026
-6.29236309026
-6.29236309026
-6.29236309026
-6.29236309026
-6.29236309026
-6.29236309026
-6.29236309026
-6.29236309026
-6.29236309026
-6.10072203572
-6.10072203572
-6.10072203572
-6.01832803572
-6.01832803572
-6.01832803572
-6.01832803572
-6.01832803572
-6.01832803572
-6.01832803572
-6.00848418699
-6.00848418699
-6.00848418699
-6.00848418699
-6.00848418699
-6.00848418699
-6.00848418699
-6.00848418699
-6.00848418699
-6.00848418699
-6.00848418699
-6.00848418699
-6.00848418699
-6.00848418699
-5.89323018699
-5.89323018699
-5.89323018699
-5.87447162133
-5.87447162133
-5.87447162133
-5.87447162133
-5.87447162133
-5.87447162133
-5.87447162133
-5.87447162133
-5.87447162133
-5.87447162133
-5.87447162133
-5.80757460546
-5.80757460546
-5.80757460546
-5.80757460546
-5.80757460546
-5.80757460546
-5.80757460546
-5.60757460546
-5.60757460546
-5.60757460546
-5.50166860546
-5.50166860546
-5.50166860546
-5.50166860546
-5.50166860546
-5.37058660546
-5.37058660546
-5.36538660546
-5.36538660546
-5.35400600546
-5.35400600546
-4.88754498546
-4.88754498546
-4.88754498546
-4.88754498546
-4.85421098546
-4.85421098546
-4.78176698546
-4.78176698546
-4.78176698546
-4.63456298546
-4.63456298546
-4.63456298546
-4.44322238546
-4.44322238546
-4.44322238546
-4.37737483972
-4.27739483972
-4.27739483972
-4.27739483972
-4.27739483972
-4.27739483972
-4.27739483972
-4.27739483972
-4.27739483972
-4.27739483972
-4.19747883972
-4.19747883972
-4.19747883972
-4.19747883972
-4.11799683972
-4.11799683972
-4.11799683972
-4.11799683972
-4.11799683972
-4.11799683972
-4.11799683972
-4.11799683972
-4.11799683972
-4.11799683972
-4.11799683972
-3.86219283972
-3.86219283972
-3.66219283972
-3.66219283972
-3.61112830034
-3.61112830034
-3.61112830034
-3.61112830034
-3.61112830034
-3.61112830034
-3.61112830034
-3.61112830034
-3.42706030034
-3.42706030034
-3.37532830034
-3.37532830034
-3.37532830034
-2.77752962034
-2.77752962034
-2.77752962034
-2.77752962034
-2.77752962034
-2.77752962034
-2.57752962034
-2.57752962034
-2.57752962034
-2.50710362034
-2.50710362034
-2.24482162034
-2.24482162034
-1.97653938034
-1.97653938034
-1.97653938034
-1.97653938034
-1.97653938034
-1.79836938034
-1.79836938034
-1.79836938034
-1.79836938034
-1.79836938034
-1.79836938034
-1.79836938034
-1.79836938034
-1.79836938034
-1.79836938034
-1.63503538034
-1.58543538034
-1.58543538034
-1.58543538034
-1.58543538034
-1.58543538034
-1.58543538034
-1.58543538034
-1.58543538034
-1.58543538034
-1.58543538034
-1.58543538034
-1.58543538034
-1.58543538034
-1.58543538034
-1.58543538034
-1.58543538034
-1.58543538034
-1.58543538034
-1.58543538034
-1.58543538034
-1.58543538034
-1.58543538034
-1.54566338034
-1.54566338034
-1.54566338034
-1.54566338034
-1.54566338034
-1.54566338034
-1.54566338034
-1.54566338034
-1.54566338034
-1.54566338034
-1.53924518034
-1.53924518034
-1.53924518034
-1.41949318034
-1.41949318034
-1.41949318034
-1.41949318034
-1.41949318034
-1.41949318034
-1.41949318034
-1.41949318034
-1.41949318034
-1.41949318034
-1.41949318034
-1.41949318034
-1.31527186062
-1.31527186062
-1.00000186062
-1.00000186062
-1.00000186062
-1.00000186062
-1.00000186062
-1.00000186062
-1.00000186062
-1.00000186062
-1.00000186062
-1.00000186062
-1.00000186062
-1.00000186062
-1.00000186062
-1.00000186062
-1.00000186062
-0.600001860617
-0.600001860617
-0.600001860617
-0.600001860617
-0.600001860617
-0.600001860617
-0.600001860617
-0.600001860617
-0.600001860617
-0.600001860617
-0.600001860617
-0.600001860617
-0.600001860617
-0.600001860617
-0.600001860617
-0.600001860617
-0.600001860617
-0.600001860617
-0.600001860617
-0.600001860617
-0.600001860617
-0.600001860617
-0.600001860617
-0.600001860617
-0.600001860617
0
0
0
0
0
0
0
0
0
0
0
0
0
0
0
0
0
0
0
0
0
0
0
0
0
0
0
0
0
0
0
0
0
0
0
0
0
0
0
0
0
0
0
0
0
0
0
0
0
0
0
0
0
0
0
0
0
0
0
0
0
0
0
0
0
0
0
0
0
0
0
0
0
0
0
0
0
0
0
0
0
0
0
0
0
0
0
0
0
0
0
0
0
0
0
0
0
0
0
