-6.36344346
-6.36344346
-6.36344346
-6.36344346
-6.36344346
-6.36344346
-6.36344346
-6.36344346
-6.36344346
-6.36344346
-6.36344346
-6.36344346
-6.36344346
-6.34168946
-6.34168946
-6.34168946
-6.28343346
-6.28343346
-6.28343346
-6.28343346
-6.28343346
-6.28343346
-6.28343346
-6.28343346
-6.28343346
-6.28343346
-6.28343346
-6.28343346
-6.28343346
-6.28343346
-6.28343346
-6.28343346
-6.19845146
-6.19845146
-6.19845146
-6.19845146
-6.19845146
-6.19845146
-6.19845146
-6.14275546
-6.14275546
-6.14275546
-6.14275546
-6.14275546
-6.14275546
-6.14275546
-6.14275546
-6.14275546
-6.14275546
-6.14275546
-6.14275546
-6.14275546
-6.09625146
-5.99441546
-5.99441546
-5.99441546
-5.99441546
-5.95139546
-5.95139546
-5.95139546
-5.95139546
-5.82572146
-5.82572146
-5.82473122
-5.82473122
-5.82473122
-5.82473122
-5.82473122
-5.82473122
-5.82473122
-5.82473122
-5.82473122
-5.70947722
-5.70947722
-5.70947722
-5.70947722
-5.70716322
-5.70716322
-5.70716322
-5.58629922
-5.58629922
-5.58629922
-5.58629922
-5.53678122
-5.53678122
-5.53678122
-5.53678122
-5.53678122
-5.53678122
-5.53678122
-5.53667622446
-5.53667622446
-5.53667622446
-5.35147056241
-5.35147056241
-5.35147056241
-5.35147056241
-5.35147056241
-5.35147056241
-5.35147056241
-5.35147056241
-5.35147056241
-5.35147056241
-5.35147056241
-5.21969056241
-5.21969056241
-5.21969056241
-5.21969056241
-5.21969056241
-5.21969056241
-5.21969056241
-5.10398456241
-5.10398456241
-5.10398456241
-4.79001696242
-4.79001696241
-4.79001696241
-4.71305358418
-4.71305358418
-4.67859736418
-4.67859736418
-4.67859736418
-4.67859736418
-4.67859736418
-4.60817136418
-4.60817136418
-4.60817136418
-4.57483736418
-4.53612336418
-4.33845936418
-4.13845936418
-4.13845936418
-4.13845936418
-4.13845936418
-4.13845936418
-4.13845936418
-4.13845936418
-4.13845936418
-4.13845936418
-4.13845936418
-4.13845936418
-4.13845936418
-4.13845936418
-4.13845936418
-4.13845936418
-4.13845936418
-4.13845936418
-4.0779214
-4.0779214
-4.0779214
-4.0779214
-4.0779214
-4.0779214
-4.0123574
-4.0123574
-3.8822834
-3.8383954
-3.2574086
-3.2574086
-3.2574086
-3.2574086
-3.2574086
-3.2574086
-3.2574086
-3.2052186
-3.2052186
-3.2052186
-3.2052186
-3.2052186
-2.6580146
-2.6580146
-2.6580146
-2.6580146
-2.6355186
-2.6355186
-2.6355186
-2.6355186
-2.6355186
-2.6355186
-2.6355186
-2.6355186
-2.6355186
-2.5271906
-2.5271906
-2.3986994
-2.3986994
-2.3589274
-2.3589274
-2.3589274
-2.3589274
-2.3589274
-1.9796134
-1.9796134
-1.9796134
-1.9796134
-1.9796134
-1.9796134
-1.9796134
-1.9796134
-1.9796134
-1.9796134
-1.9478766
-1.9478766
-1.9478766
-1.9478766
-1.7999626
-1.7785246
-1.4015166
-1.4015166
-1.4015166
-1.4015166
-1.3216006
-1.3216006
-1.3216006
-1.3216006
-1.3216006
-1.3216006
-1.3216006
-1.3216006
-1.3216006
-1.3216006
-1.3216006
-1.3216006
-1.3216006
-1.3216006
-1.3216006
-1.3216006
-1.3216006
-1.2214346
-1.2214346
-1.1726826
-0.7553426
-0.7553426
-0.7553426
-0.7553426
-0.7553426
-0.7553426
-0.7553426
-0.7553426
-0.7553426
-0.7553426
-0.7553426
-0.36484268
-0.36484268
-0.36484268
-0.36484268
-0.36484268
-0.36484268
-0.36484268
-0.36484268
-0.36484268
-0.36484268
-0.36484268
0
0
0
0
0
0
0
0
0
0
0
0
0
0
0
0
0
0
0
0
0
0
0
0
0
0
0
0
0
0
0
0
0
0
0
0
0
0
0
0
0
0
0
0
0
0
0
0
0
0
0
0
0
0
0
0
0
0
0
0
0
0
0
0
0
0
0
0
0
0
0
0
0
0
0
0
0
0
0
0
0
0
0
0
0
0
0
0
0
0
0
0
0
0
0
0
0
0
0
0
0
0
0
0
0
0
0
