-6.36344346
-6.36344346
-6.36344346
-6.36344346
-6.36344346
-6.36344346
-6.36344346
-6.36344346
-6.36344346
-6.23456166
-6.23456166
-6.06341566
-6.06341566
-6.06341566
-6.06341566
-6.06341566
-6.06341566
-6.06341566
-6.06341566
-6.03387366
-6.03387366
-6.03387366
-6.03387366
-6.00752280272
-5.96619566
-5.92986080272
-5.92986080272
-5.92986080272
-5.92986080272
-5.92986080272
-5.92986080272
-5.92986080272
-5.92986080272
-5.92986080272
-5.92986080272
-5.92986080272
-5.92986080272
-5.92986080272
-5.92986080272
-5.92986080272
-5.91049966
-5.91049966
-5.90997260903
-5.90997260903
-5.90997260903
-5.90997260903
-5.90997260903
-5.90997260903
-5.90997260903
-5.90477260903
-5.90477260903
-5.90477260903
-5.90477260903
-5.90477260903
-5.90477260903
-5.90477260903
-5.90477260903
-5.86550838147
-5.82259553314
-5.82259553314
-5.74493353314
-5.74493353314
-5.6725457887
-5.6725457887
-5.6627041887
-5.6627041887
-5.6627041887
-5.5155001887
-5.5155001887
-5.5155001887
-5.41710658984
-5.41710658984
-5.41710658984
-5.23691486024
-5.23691486024
-5.21437298711
-5.16218298711
-4.97257898711
-4.87701498711
-4.87701498711
-4.87701498711
-4.87701498711
-4.87274818711
-4.87274818711
-4.87274818711
-4.81763218711
-4.81763218711
-4.76811418711
-4.76811418711
-4.76811418711
-4.76811418711
-4.76811418711
-4.76811418711
-4.76811418711
-4.76811418711
-4.76811418711
-4.76811418711
-4.76477818711
-4.7263627663
-4.6555107663
-4.6555107663
-4.6555107663
-4.6555107663
-4.55720436516
-4.50828292803
-4.50828292803
-4.50828292803
-4.50828292803
-4.50828292803
-4.50828292803
-4.50828292803
-4.38594492803
-4.38594492803
-4.30186472803
-3.97726412803
-3.97726412803
-3.97726412803
-3.97726412803
-3.97726412803
-3.97726412803
-3.91869412803
-3.91869412803
-3.91869412803
-3.78694812803
-3.78694812803
-3.70570607843
-3.70570607843
-3.70570607843
-3.70570607843
-3.70570607843
-3.70570607843
-3.70570607843
-3.65024407843
-3.65024407843
-3.65024407843
-3.65024407843
-3.40635607843
-3.40635607843
-3.40635607843
-3.40635607843
-3.40635607843
-3.27514807843
-3.27514807843
-3.27514807843
-3.27514807843
-3.27514807843
-3.27514807843
-2.99940726
-2.99940726
-2.80806666
-2.80806666
-2.80806666
-2.80806666
-2.80806666
-2.53117638959
-2.53117638959
-2.53117638959
-2.53117638959
-2.53117638959
-2.53117638959
-2.53117638959
-2.53117638959
-2.38897638959
-2.38897638959
-2.38897638959
-2.38897638959
-2.38897638959
-2.38897638959
-2.18871256959
-2.18871256959
-2.18871256959
-2.18871256959
-2.18871256959
-2.18871256959
-2.18871256959
-2.18871256959
-2.18871256959
-2.18871256959
-2.18871256959
-2.18871256959
-1.88371884
-1.88371884
-1.53001484
-1.53001484
-1.53001484
-1.53001484
-1.53001484
-1.53001484
-1.53001484
-1.53001484
-1.53001484
-1.53001484
-1.53001484
-1.53001484
-1.53001484
-1.53001484
-1.47303484
-1.47303484
-1.40059084
-1.40059084
-1.25214884
-1.25214884
-1.25214884
-1.25214884
-1.25214884
-1.25214884
-1.25214884
-0.77073092
-0.77073092
-0.77073092
-0.77073092
-0.77073092
-0.77073092
-0.77073092
-0.77073092
-0.77073092
-0.77073092
-0.77073092
-0.77073092
-0.77073092
-0.77073092
-0.77073092
-0.77073092
-0.77073092
-0.77073092
-0.77073092
-0.77073092
-0.77073092
-0.77073092
-0.77073092
-0.77073092
-0.77073092
-0.77073092
-0.77073092
-0.77073092
-0.45658892
-0.45658892
-0.45658892
-0.45658892
-0.45658892
-0.45658892
-0.45658892
-0.45658892
0
0
0
0
0
0
0
0
0
0
0
0
0
0
0
0
0
0
0
0
0
0
0
0
0
0
0
0
0
0
0
0
0
0
0
0
0
0
0
0
0
0
0
0
0
0
0
0
0
0
0
0
0
0
0
0
0
0
0
0
0
0
0
0
0
0
0
0
0
0
0
0
0
0
0
0
0
0
0
0
0
0
0
0
0
0
0
0
0
0
0
0
0
0
0
0
0
0
0
0
0
0
0
0
0
0
0
0
0
0
0
0
0
0
0
0
0
