2545.377384
2545.377384
2545.377384
2545.377384
2545.377384
2545.377384
2545.377384
2545.377384
2545.377384
2545.377384
2545.377384
2545.377384
2545.377384
2545.377384
2545.377384
2550.843384
2550.843384
2550.843384
2550.843384
2550.843384
2550.843384
2550.843384
2550.843384
2550.843384
2550.843384
2550.843384
2550.843384
2570.843384
2570.843384
2570.843384
2570.843384
2570.843384
2570.843384
2585.81318415
2593.76138415
2593.76138415
2593.76138415
2593.76138415
2593.76138415
2593.76138415
2593.76138415
2593.76138415
2593.76138415
2593.76138415
2593.76138415
2593.76138415
2593.76138415
2593.76138415
2593.76138415
2604.64118415
2604.64118415
2604.64118415
2604.64118415
2610.52978415
2610.52978415
2610.52978415
2610.52978415
2610.52978415
2610.52978415
2618.29598415
2618.29598415
2618.29598415
2618.29598415
2618.29598415
2618.29598415
2618.29598415
2623.53918415
2623.53918415
2623.53918415
2635.09418415
2656.512784
2656.512784
2656.512784
2656.512784
2656.512784
2656.512784
2656.512784
2656.512784
2673.627384
2673.627384
2673.627384
2673.82688548
2673.82688548
2673.82688548
2673.82688548
2673.82688548
2677.09446548
2684.22366548
2684.22366548
2684.22366548
2689.83322465
2689.83322465
2689.83322465
2689.83322465
2689.83322465
2689.83322465
2689.83322465
2689.83322465
2695.46627557
2695.46627557
2695.46627557
2695.46627557
2695.46627557
2695.46627557
2696.28227557
2696.28227557
2700.93267557
2700.93267557
2700.93267557
2700.93267557
2700.93267557
2700.93267557
2700.93267557
2700.93267557
2700.93267557
2700.93267557
2700.93267557
2700.93267557
2700.93267557
2700.93267557
2700.93267557
2706.86593557
2706.86593557
2706.86593557
2731.95073557
2731.95073557
2731.95073557
2731.95073557
2731.95073557
2731.95073557
2738.70113557
2738.70113557
2738.70113557
2738.70113557
2738.70113557
2738.70113557
2738.70113557
2738.70113557
2738.70113557
2738.70113557
2738.70113557
2756.13433557
2771.383544
2771.383544
2771.383544
2771.383544
2771.383544
2771.383544
2771.383544
2771.383544
2771.383544
2771.383544
2793.115368
2800.386168
2800.386168
2800.386168
2800.386168
2800.386168
2800.386168
2800.386168
2820.386168
2821.22616
2821.22616
2821.22616
2821.22616
2821.22616
2821.22616
2821.22616
2821.22616
2821.22616
2821.22616
2821.22616
2821.22616
2879.04196
2879.04196
2879.04196
2893.97342
2894.4001
2894.4001
2894.4001
2914.4001
2914.4001
2914.4001
2914.4001
2914.4001
2914.4001
2914.4001
2914.4001
2914.4001
2914.4001
2961.93772
2961.93772
2961.93772
2983.03392
2983.03392
2983.03392
2983.03392
2983.03392
2983.03392
2983.03392
2983.03392
2989.59032
2989.59032
2989.59032
3009.59032
3009.59032
3009.59032
3009.59032
3009.59032
3009.59032
3009.59032
3009.59032
3026.321388
3026.321388
3026.321388
3036.337988
3036.337988
3036.337988
3036.337988
3036.337988
3036.337988
3036.337988
3036.337988
3036.337988
3036.337988
3036.337988
3049.587588
3049.587588
3049.587588
3053.621788
3053.621788
3053.621788
3053.621788
3053.621788
3053.621788
3053.621788
3058.010588
3058.010588
3058.010588
3058.010588
3058.010588
3058.010588
3058.010588
3058.010588
3058.010588
3058.010588
3115.02633
3115.02633
3115.02633
3120.24533
3120.24533
3120.24533
3120.24533
3120.24533
3161.50073
3161.50073
3161.50073
3161.50073
3161.50073
3161.50073
3161.50073
3161.50073
3161.50073
3161.50073
3161.50073
3161.50073
3161.50073
3161.50073
3181.72173
3181.72173
3181.72173
3181.72173
3181.72173
3181.72173
3181.72173
3181.72173
3181.72173
3181.72173
3181.72173
3181.72173
3181.72173
3181.72173
3181.72173
3181.72173
3181.72173
3181.72173
3181.72173
3181.72173
3181.72173
3181.72173
3181.72173
3181.72173
3181.72173
3181.72173
3181.72173
3181.72173
3181.72173
3181.72173
3181.72173
3181.72173
3181.72173
3181.72173
3181.72173
3181.72173
3181.72173
3181.72173
3181.72173
3181.72173
3181.72173
3181.72173
3181.72173
3181.72173
3181.72173
3181.72173
3181.72173
3181.72173
3181.72173
3181.72173
3181.72173
3181.72173
3181.72173
3181.72173
3181.72173
3181.72173
3181.72173
3181.72173
3181.72173
3181.72173
3181.72173
3181.72173
3181.72173
3181.72173
3181.72173
3181.72173
3181.72173
3181.72173
3181.72173
3181.72173
3181.72173
3181.72173
3181.72173
3181.72173
3181.72173
3181.72173
3181.72173
3181.72173
3181.72173
3181.72173
3181.72173
3181.72173
3181.72173
3181.72173
3181.72173
3181.72173
3181.72173
3181.72173
3181.72173
3181.72173
3181.72173
3181.72173
