2545.377384
2545.377384
2545.377384
2545.377384
2545.377384
2545.377384
2545.377384
2545.377384
2549.411584
2549.411584
2549.411584
2549.411584
2549.411584
2549.411584
2566.526184
2566.526184
2566.526184
2566.526184
2566.526184
2566.526184
2566.526184
2566.526184
2566.526184
2566.526184
2566.526184
2566.526184
2566.526184
2566.526184
2566.526184
2566.526184
2566.526184
2579.758384
2579.758384
2579.758384
2579.758384
2579.758384
2579.758384
2579.758384
2579.758384
2579.758384
2579.758384
2579.758384
2579.758384
2579.758384
2579.758384
2579.758384
2582.712584
2582.712584
2582.712584
2583.528584
2583.528584
2583.528584
2583.528584
2586.861984
2586.861984
2586.861984
2586.861984
2586.861984
2586.861984
2586.861984
2586.861984
2586.861984
2586.861984
2588.39181283
2588.39181283
2588.39181283
2593.09822897
2593.09822897
2593.09822897
2593.09822897
2593.09822897
2593.09822897
2593.09822897
2593.09822897
2593.09822897
2593.09822897
2593.09822897
2593.09822897
2593.09822897
2593.09822897
2593.09822897
2593.09822897
2593.09822897
2612.75420897
2612.75420897
2613.18088897
2613.18088897
2613.18088897
2618.87888897
2618.87888897
2619.97508897
2619.97508897
2629.19082212
2630.52881501
2635.56700186
2640.21740186
2665.80586186
2665.80586186
2665.80586186
2665.80586186
2673.72186186
2673.72186186
2673.72186186
2673.72186186
2673.72186186
2673.72186186
2673.72186186
2673.72186186
2673.72186186
2673.72186186
2673.72186186
2673.72186186
2673.72186186
2680.27826186
2680.27826186
2680.27826186
2700.27826186
2701.52506186
2701.52506186
2701.52506186
2701.52506186
2701.52506186
2701.52506186
2709.15292186
2709.15292186
2709.15292186
2710.76941346
2710.76941346
2710.76941346
2710.76941346
2710.76941346
2710.86843746
2710.86843746
2716.72214586
2722.61074586
2722.61074586
2722.61074586
2722.61074586
2722.61074586
2736.13506586
2737.96034586
2738.65992786
2742.63712786
2781.04392786
2781.04392786
2781.04392786
2781.04392786
2781.04392786
2781.04392786
2781.04392786
2781.04392786
2781.04392786
2781.04392786
2781.04392786
2786.70292786
2786.70292786
2786.70292786
2786.70292786
2786.70292786
2792.56332786
2792.56332786
2792.56332786
2792.56332786
2794.50732786
2807.62812786
2807.62812786
2807.62812786
2807.62812786
2809.65532786
2820.50072786
2821.48488786
2821.48488786
2835.87145
2840.08947
2840.08947
2840.08947
2844.73987
2844.73987
2844.73987
2844.73987
2846.48840496
2846.48840496
2846.48840496
2864.89460496
2864.89460496
2864.89460496
2864.89460496
2864.89460496
2864.89460496
2864.89460496
2867.39740496
2885.42020496
2885.42020496
2885.42020496
2925.42020496
2985.42020496
2990.69980493
2990.69980493
2990.69980493
2996.16700493
2996.16700493
3005.09732493
3021.51158197
3021.51158197
3034.14084882
3034.14084882
3034.14084882
3034.14084882
3034.14084882
3034.14084882
3034.14084882
3054.14084882
3054.14084882
3054.14084882
3054.14084882
3054.14084882
3054.14084882
3054.14084882
3071.33286197
3071.33286197
3071.33286197
3118.568862
3118.568862
3161.72173
3161.72173
3161.72173
3161.72173
3161.72173
3161.72173
3161.72173
3161.72173
3161.72173
3161.72173
3179.71588663
3179.71588663
3179.71588663
3179.71588663
3179.71588663
3181.72173
3181.72173
3181.72173
3181.72173
3181.72173
3181.72173
3181.72173
3181.72173
3181.72173
3181.72173
3181.72173
3181.72173
3181.72173
3181.72173
3181.72173
3181.72173
3181.72173
3181.72173
3181.72173
3181.72173
3181.72173
3181.72173
3181.72173
3181.72173
3181.72173
3181.72173
3181.72173
3181.72173
3181.72173
3181.72173
3181.72173
3181.72173
3181.72173
3181.72173
3181.72173
3181.72173
3181.72173
3181.72173
3181.72173
3181.72173
3181.72173
3181.72173
3181.72173
3181.72173
3181.72173
3181.72173
3181.72173
3181.72173
3181.72173
3181.72173
3181.72173
3181.72173
3181.72173
3181.72173
3181.72173
3181.72173
3181.72173
3181.72173
3181.72173
3181.72173
3181.72173
3181.72173
3181.72173
3181.72173
3181.72173
3181.72173
3181.72173
3181.72173
3181.72173
3181.72173
3181.72173
3181.72173
3181.72173
3181.72173
3181.72173
3181.72173
3181.72173
3181.72173
3181.72173
3181.72173
3181.72173
3181.72173
3181.72173
3181.72173
3181.72173
3181.72173
3181.72173
3181.72173
3181.72173
3181.72173
3181.72173
3181.72173
3181.72173
3181.72173
3181.72173
3181.72173
3181.72173
3181.72173
3181.72173
3181.72173
3181.72173
3181.72173
3181.72173
3181.72173
3181.72173
3181.72173
3181.72173
3181.72173
3181.72173
3181.72173
3181.72173
3181.72173
3181.72173
3181.72173
3181.72173
3181.72173
3181.72173
3181.72173
3181.72173
3181.72173
3181.72173
3181.72173
