2545.377384
2545.377384
2545.377384
2545.377384
2545.377384
2545.377384
2545.377384
2545.377384
2545.377384
2545.377384
2545.377384
2545.377384
2545.377384
2547.552784
2547.552784
2547.552784
2553.378384
2553.378384
2553.378384
2553.378384
2553.378384
2553.378384
2553.378384
2553.378384
2553.378384
2553.378384
2553.378384
2553.378384
2553.378384
2553.378384
2553.378384
2553.378384
2561.876584
2561.876584
2561.876584
2561.876584
2561.876584
2561.876584
2561.876584
2567.446184
2567.446184
2567.446184
2567.446184
2567.446184
2567.446184
2567.446184
2567.446184
2567.446184
2567.446184
2567.446184
2567.446184
2567.446184
2572.096584
2582.280184
2582.280184
2582.280184
2582.280184
2586.582184
2586.582184
2586.582184
2586.582184
2599.149584
2599.149584
2599.248608
2599.248608
2599.248608
2599.248608
2599.248608
2599.248608
2599.248608
2599.248608
2599.248608
2610.774008
2610.774008
2610.774008
2610.774008
2611.005408
2611.005408
2611.005408
2623.091808
2623.091808
2623.091808
2623.091808
2628.043608
2628.043608
2628.043608
2628.043608
2628.043608
2628.043608
2628.043608
2628.05410755
2628.05410755
2628.05410755
2646.57467376
2646.57467376
2646.57467376
2646.57467376
2646.57467376
2646.57467376
2646.57467376
2646.57467376
2646.57467376
2646.57467376
2646.57467376
2659.75267376
2659.75267376
2659.75267376
2659.75267376
2659.75267376
2659.75267376
2659.75267376
2671.32327376
2671.32327376
2671.32327376
2702.72003376
2702.72003376
2702.72003376
2710.41637158
2710.41637158
2713.86199358
2713.86199358
2713.86199358
2713.86199358
2713.86199358
2720.90459358
2720.90459358
2720.90459358
2724.23799358
2728.10939358
2747.87579358
2767.87579358
2767.87579358
2767.87579358
2767.87579358
2767.87579358
2767.87579358
2767.87579358
2767.87579358
2767.87579358
2767.87579358
2767.87579358
2767.87579358
2767.87579358
2767.87579358
2767.87579358
2767.87579358
2767.87579358
2773.92959
2773.92959
2773.92959
2773.92959
2773.92959
2773.92959
2780.48599
2780.48599
2793.49339
2797.88219
2855.98087
2855.98087
2855.98087
2855.98087
2855.98087
2855.98087
2855.98087
2861.19987
2861.19987
2861.19987
2861.19987
2861.19987
2915.92027
2915.92027
2915.92027
2915.92027
2918.16987
2918.16987
2918.16987
2918.16987
2918.16987
2918.16987
2918.16987
2918.16987
2918.16987
2929.00267
2929.00267
2941.85179
2941.85179
2945.82899
2945.82899
2945.82899
2945.82899
2945.82899
2983.76039
2983.76039
2983.76039
2983.76039
2983.76039
2983.76039
2983.76039
2983.76039
2983.76039
2983.76039
2986.93407
2986.93407
2986.93407
2986.93407
3001.72547
3003.86927
3041.57007
3041.57007
3041.57007
3041.57007
3049.56167
3049.56167
3049.56167
3049.56167
3049.56167
3049.56167
3049.56167
3049.56167
3049.56167
3049.56167
3049.56167
3049.56167
3049.56167
3049.56167
3049.56167
3049.56167
3049.56167
3059.57827
3059.57827
3064.45347
3106.18747
3106.18747
3106.18747
3106.18747
3106.18747
3106.18747
3106.18747
3106.18747
3106.18747
3106.18747
3106.18747
3145.237462
3145.237462
3145.237462
3145.237462
3145.237462
3145.237462
3145.237462
3145.237462
3145.237462
3145.237462
3145.237462
3181.72173
3181.72173
3181.72173
3181.72173
3181.72173
3181.72173
3181.72173
3181.72173
3181.72173
3181.72173
3181.72173
3181.72173
3181.72173
3181.72173
3181.72173
3181.72173
3181.72173
3181.72173
3181.72173
3181.72173
3181.72173
3181.72173
3181.72173
3181.72173
3181.72173
3181.72173
3181.72173
3181.72173
3181.72173
3181.72173
3181.72173
3181.72173
3181.72173
3181.72173
3181.72173
3181.72173
3181.72173
3181.72173
3181.72173
3181.72173
3181.72173
3181.72173
3181.72173
3181.72173
3181.72173
3181.72173
3181.72173
3181.72173
3181.72173
3181.72173
3181.72173
3181.72173
3181.72173
3181.72173
3181.72173
3181.72173
3181.72173
3181.72173
3181.72173
3181.72173
3181.72173
3181.72173
3181.72173
3181.72173
3181.72173
3181.72173
3181.72173
3181.72173
3181.72173
3181.72173
3181.72173
3181.72173
3181.72173
3181.72173
3181.72173
3181.72173
3181.72173
3181.72173
3181.72173
3181.72173
3181.72173
3181.72173
3181.72173
3181.72173
3181.72173
3181.72173
3181.72173
3181.72173
3181.72173
3181.72173
3181.72173
3181.72173
3181.72173
3181.72173
3181.72173
3181.72173
3181.72173
3181.72173
3181.72173
3181.72173
3181.72173
3181.72173
3181.72173
3181.72173
3181.72173
3181.72173
3181.72173
