2545.377384
2545.377384
2545.377384
2545.377384
2545.377384
2545.377384
2545.377384
2545.377384
2545.377384
2558.265564
2558.265564
2575.380164
2575.380164
2575.380164
2575.380164
2575.380164
2575.380164
2575.380164
2575.380164
2578.334364
2578.334364
2578.334364
2578.334364
2580.96944973
2585.102164
2588.73564973
2588.73564973
2588.73564973
2588.73564973
2588.73564973
2588.73564973
2588.73564973
2588.73564973
2588.73564973
2588.73564973
2588.73564973
2588.73564973
2588.73564973
2588.73564973
2588.73564973
2590.671764
2590.671764
2590.7244691
2590.7244691
2590.7244691
2590.7244691
2590.7244691
2590.7244691
2590.7244691
2591.2444691
2591.2444691
2591.2444691
2591.2444691
2591.2444691
2591.2444691
2591.2444691
2591.2444691
2595.17089185
2599.46217669
2599.46217669
2607.22837669
2607.22837669
2614.46715113
2614.46715113
2615.45131113
2615.45131113
2615.45131113
2630.17171113
2630.17171113
2630.17171113
2640.01107102
2640.01107102
2640.01107102
2658.03024398
2658.03024398
2660.28443129
2665.50343129
2684.46383129
2694.02023129
2694.02023129
2694.02023129
2694.02023129
2694.44691129
2694.44691129
2694.44691129
2699.95851129
2699.95851129
2704.91031129
2704.91031129
2704.91031129
2704.91031129
2704.91031129
2704.91031129
2704.91031129
2704.91031129
2704.91031129
2704.91031129
2705.24391129
2709.08545337
2716.17065337
2716.17065337
2716.17065337
2716.17065337
2726.00129348
2730.8934372
2730.8934372
2730.8934372
2730.8934372
2730.8934372
2730.8934372
2730.8934372
2743.1272372
2743.1272372
2751.5352572
2783.9953172
2783.9953172
2783.9953172
2783.9953172
2783.9953172
2783.9953172
2789.8523172
2789.8523172
2789.8523172
2803.0269172
2803.0269172
2811.15112216
2811.15112216
2811.15112216
2811.15112216
2811.15112216
2811.15112216
2811.15112216
2816.69732216
2816.69732216
2816.69732216
2816.69732216
2841.08612216
2841.08612216
2841.08612216
2841.08612216
2841.08612216
2854.20692216
2854.20692216
2854.20692216
2854.20692216
2854.20692216
2854.20692216
2881.781004
2881.781004
2900.915064
2900.915064
2900.915064
2900.915064
2900.915064
2928.60409104
2928.60409104
2928.60409104
2928.60409104
2928.60409104
2928.60409104
2928.60409104
2928.60409104
2942.82409104
2942.82409104
2942.82409104
2942.82409104
2942.82409104
2942.82409104
2962.85047304
2962.85047304
2962.85047304
2962.85047304
2962.85047304
2962.85047304
2962.85047304
2962.85047304
2962.85047304
2962.85047304
2962.85047304
2962.85047304
2993.349846
2993.349846
3028.720246
3028.720246
3028.720246
3028.720246
3028.720246
3028.720246
3028.720246
3028.720246
3028.720246
3028.720246
3028.720246
3028.720246
3028.720246
3028.720246
3034.418246
3034.418246
3041.662646
3041.662646
3056.506846
3056.506846
3056.506846
3056.506846
3056.506846
3056.506846
3056.506846
3104.648638
3104.648638
3104.648638
3104.648638
3104.648638
3104.648638
3104.648638
3104.648638
3104.648638
3104.648638
3104.648638
3104.648638
3104.648638
3104.648638
3104.648638
3104.648638
3104.648638
3104.648638
3104.648638
3104.648638
3104.648638
3104.648638
3104.648638
3104.648638
3104.648638
3104.648638
3104.648638
3104.648638
3136.062838
3136.062838
3136.062838
3136.062838
3136.062838
3136.062838
3136.062838
3136.062838
3181.72173
3181.72173
3181.72173
3181.72173
3181.72173
3181.72173
3181.72173
3181.72173
3181.72173
3181.72173
3181.72173
3181.72173
3181.72173
3181.72173
3181.72173
3181.72173
3181.72173
3181.72173
3181.72173
3181.72173
3181.72173
3181.72173
3181.72173
3181.72173
3181.72173
3181.72173
3181.72173
3181.72173
3181.72173
3181.72173
3181.72173
3181.72173
3181.72173
3181.72173
3181.72173
3181.72173
3181.72173
3181.72173
3181.72173
3181.72173
3181.72173
3181.72173
3181.72173
3181.72173
3181.72173
3181.72173
3181.72173
3181.72173
3181.72173
3181.72173
3181.72173
3181.72173
3181.72173
3181.72173
3181.72173
3181.72173
3181.72173
3181.72173
3181.72173
3181.72173
3181.72173
3181.72173
3181.72173
3181.72173
3181.72173
3181.72173
3181.72173
3181.72173
3181.72173
3181.72173
3181.72173
3181.72173
3181.72173
3181.72173
3181.72173
3181.72173
3181.72173
3181.72173
3181.72173
3181.72173
3181.72173
3181.72173
3181.72173
3181.72173
3181.72173
3181.72173
3181.72173
3181.72173
3181.72173
3181.72173
3181.72173
3181.72173
3181.72173
3181.72173
3181.72173
3181.72173
3181.72173
3181.72173
3181.72173
3181.72173
3181.72173
3181.72173
3181.72173
3181.72173
3181.72173
3181.72173
3181.72173
3181.72173
3181.72173
3181.72173
3181.72173
3181.72173
3181.72173
3181.72173
3181.72173
3181.72173
3181.72173
