2545.377384
2545.377384
2545.377384
2545.377384
2545.377384
2545.377384
2545.377384
2545.377384
2545.377384
2545.377384
2552.48542097
2552.48542097
2552.48542097
2552.48542097
2552.48542097
2552.48542097
2552.48542097
2552.48542097
2552.48542097
2552.48542097
2552.48542097
2552.48542097
2552.48542097
2552.48542097
2552.48542097
2552.48542097
2552.48542097
2571.64952643
2571.64952643
2571.64952643
2579.88892643
2579.88892643
2579.88892643
2579.88892643
2579.88892643
2579.88892643
2579.88892643
2580.8733113
2580.8733113
2580.8733113
2580.8733113
2580.8733113
2580.8733113
2580.8733113
2580.8733113
2580.8733113
2580.8733113
2580.8733113
2580.8733113
2580.8733113
2580.8733113
2592.3987113
2592.3987113
2592.3987113
2594.27456787
2594.27456787
2594.27456787
2594.27456787
2594.27456787
2594.27456787
2594.27456787
2594.27456787
2594.27456787
2594.27456787
2594.27456787
2600.96426945
2600.96426945
2600.96426945
2600.96426945
2600.96426945
2600.96426945
2600.96426945
2620.96426945
2620.96426945
2620.96426945
2631.55486945
2631.55486945
2631.55486945
2631.55486945
2631.55486945
2644.66306945
2644.66306945
2645.18306945
2645.18306945
2646.32112945
2646.32112945
2692.96723145
2692.96723145
2692.96723145
2692.96723145
2696.30063145
2696.30063145
2703.54503145
2703.54503145
2703.54503145
2718.26543145
2718.26543145
2718.26543145
2737.39949145
2737.39949145
2737.39949145
2743.98424603
2753.98224603
2753.98224603
2753.98224603
2753.98224603
2753.98224603
2753.98224603
2753.98224603
2753.98224603
2753.98224603
2761.97384603
2761.97384603
2761.97384603
2761.97384603
2769.92204603
2769.92204603
2769.92204603
2769.92204603
2769.92204603
2769.92204603
2769.92204603
2769.92204603
2769.92204603
2769.92204603
2769.92204603
2795.50244603
2795.50244603
2815.50244603
2815.50244603
2820.60889997
2820.60889997
2820.60889997
2820.60889997
2820.60889997
2820.60889997
2820.60889997
2820.60889997
2839.01569997
2839.01569997
2844.18889997
2844.18889997
2844.18889997
2903.96876797
2903.96876797
2903.96876797
2903.96876797
2903.96876797
2903.96876797
2923.96876797
2923.96876797
2923.96876797
2931.01136797
2931.01136797
2957.23956797
2957.23956797
2984.06779197
2984.06779197
2984.06779197
2984.06779197
2984.06779197
3001.88479197
3001.88479197
3001.88479197
3001.88479197
3001.88479197
3001.88479197
3001.88479197
3001.88479197
3001.88479197
3001.88479197
3018.21819197
3023.17819197
3023.17819197
3023.17819197
3023.17819197
3023.17819197
3023.17819197
3023.17819197
3023.17819197
3023.17819197
3023.17819197
3023.17819197
3023.17819197
3023.17819197
3023.17819197
3023.17819197
3023.17819197
3023.17819197
3023.17819197
3023.17819197
3023.17819197
3023.17819197
3023.17819197
3027.15539197
3027.15539197
3027.15539197
3027.15539197
3027.15539197
3027.15539197
3027.15539197
3027.15539197
3027.15539197
3027.15539197
3027.79721197
3027.79721197
3027.79721197
3039.77241197
3039.77241197
3039.77241197
3039.77241197
3039.77241197
3039.77241197
3039.77241197
3039.77241197
3039.77241197
3039.77241197
3039.77241197
3039.77241197
3050.19454394
3050.19454394
3081.72154394
3081.72154394
3081.72154394
3081.72154394
3081.72154394
3081.72154394
3081.72154394
3081.72154394
3081.72154394
3081.72154394
3081.72154394
3081.72154394
3081.72154394
3081.72154394
3081.72154394
3121.72154394
3121.72154394
3121.72154394
3121.72154394
3121.72154394
3121.72154394
3121.72154394
3121.72154394
3121.72154394
3121.72154394
3121.72154394
3121.72154394
3121.72154394
3121.72154394
3121.72154394
3121.72154394
3121.72154394
3121.72154394
3121.72154394
3121.72154394
3121.72154394
3121.72154394
3121.72154394
3121.72154394
3121.72154394
3181.72173
3181.72173
3181.72173
3181.72173
3181.72173
3181.72173
3181.72173
3181.72173
3181.72173
3181.72173
3181.72173
3181.72173
3181.72173
3181.72173
3181.72173
3181.72173
3181.72173
3181.72173
3181.72173
3181.72173
3181.72173
3181.72173
3181.72173
3181.72173
3181.72173
3181.72173
3181.72173
3181.72173
3181.72173
3181.72173
3181.72173
3181.72173
3181.72173
3181.72173
3181.72173
3181.72173
3181.72173
3181.72173
3181.72173
3181.72173
3181.72173
3181.72173
3181.72173
3181.72173
3181.72173
3181.72173
3181.72173
3181.72173
3181.72173
3181.72173
3181.72173
3181.72173
3181.72173
3181.72173
3181.72173
3181.72173
3181.72173
3181.72173
3181.72173
3181.72173
3181.72173
3181.72173
3181.72173
3181.72173
3181.72173
3181.72173
3181.72173
3181.72173
3181.72173
3181.72173
3181.72173
3181.72173
3181.72173
3181.72173
3181.72173
3181.72173
3181.72173
3181.72173
3181.72173
3181.72173
3181.72173
3181.72173
3181.72173
3181.72173
3181.72173
3181.72173
3181.72173
3181.72173
3181.72173
3181.72173
3181.72173
3181.72173
3181.72173
3181.72173
3181.72173
3181.72173
3181.72173
3181.72173
3181.72173
