-6.36344346
-6.36344346
-6.36344346
-6.36344346
-6.36344346
-6.36344346
-6.36344346
-6.36344346
-6.36344346
-6.36344346
-6.36344346
-6.36344346
-6.36344346
-6.36344346
-6.36344346
-6.30878346
-6.30878346
-6.30878346
-6.30878346
-6.30878346
-6.30878346
-6.30878346
-6.30878346
-6.30878346
-6.30878346
-6.30878346
-6.30878346
-6.10878346
-6.10878346
-6.10878346
-6.10878346
-6.10878346
-6.10878346
-5.95908545846
-5.87960345846
-5.87960345846
-5.87960345846
-5.87960345846
-5.87960345846
-5.87960345846
-5.87960345846
-5.87960345846
-5.87960345846
-5.87960345846
-5.87960345846
-5.87960345846
-5.87960345846
-5.87960345846
-5.87960345846
-5.77080545846
-5.77080545846
-5.77080545846
-5.77080545846
-5.71191945846
-5.71191945846
-5.71191945846
-5.71191945846
-5.71191945846
-5.71191945846
-5.63425745846
-5.63425745846
-5.63425745846
-5.63425745846
-5.63425745846
-5.63425745846
-5.63425745846
-5.58182545846
-5.58182545846
-5.58182545846
-5.46627545846
-5.25208946
-5.25208946
-5.25208946
-5.25208946
-5.25208946
-5.25208946
-5.25208946
-5.25208946
-5.08094346
-5.08094346
-5.08094346
-5.07894844522
-5.07894844522
-5.07894844522
-5.07894844522
-5.07894844522
-5.04627264522
-4.97498064522
-4.97498064522
-4.97498064522
-4.91888505352
-4.91888505352
-4.91888505352
-4.91888505352
-4.91888505352
-4.91888505352
-4.91888505352
-4.91888505352
-4.86255454432
-4.86255454432
-4.86255454432
-4.86255454432
-4.86255454432
-4.86255454432
-4.85439454432
-4.85439454432
-4.80789054432
-4.80789054432
-4.80789054432
-4.80789054432
-4.80789054432
-4.80789054432
-4.80789054432
-4.80789054432
-4.80789054432
-4.80789054432
-4.80789054432
-4.80789054432
-4.80789054432
-4.80789054432
-4.80789054432
-4.74855794432
-4.74855794432
-4.74855794432
-4.49770994432
-4.49770994432
-4.49770994432
-4.49770994432
-4.49770994432
-4.49770994432
-4.43020594432
-4.43020594432
-4.43020594432
-4.43020594432
-4.43020594432
-4.43020594432
-4.43020594432
-4.43020594432
-4.43020594432
-4.43020594432
-4.43020594432
-4.25587394432
-4.10338186
-4.10338186
-4.10338186
-4.10338186
-4.10338186
-4.10338186
-4.10338186
-4.10338186
-4.10338186
-4.10338186
-3.88606362
-3.81335562
-3.81335562
-3.81335562
-3.81335562
-3.81335562
-3.81335562
-3.81335562
-3.61335562
-3.6049557
-3.6049557
-3.6049557
-3.6049557
-3.6049557
-3.6049557
-3.6049557
-3.6049557
-3.6049557
-3.6049557
-3.6049557
-3.6049557
-3.0267977
-3.0267977
-3.0267977
-2.8774831
-2.8732163
-2.8732163
-2.8732163
-2.6732163
-2.6732163
-2.6732163
-2.6732163
-2.6732163
-2.6732163
-2.6732163
-2.6732163
-2.6732163
-2.6732163
-2.1978401
-2.1978401
-2.1978401
-1.9868781
-1.9868781
-1.9868781
-1.9868781
-1.9868781
-1.9868781
-1.9868781
-1.9868781
-1.9213141
-1.9213141
-1.9213141
-1.7213141
-1.7213141
-1.7213141
-1.7213141
-1.7213141
-1.7213141
-1.7213141
-1.7213141
-1.55400342
-1.55400342
-1.55400342
-1.45383742
-1.45383742
-1.45383742
-1.45383742
-1.45383742
-1.45383742
-1.45383742
-1.45383742
-1.45383742
-1.45383742
-1.45383742
-1.32134142
-1.32134142
-1.32134142
-1.28099942
-1.28099942
-1.28099942
-1.28099942
-1.28099942
-1.28099942
-1.28099942
-1.23711142
-1.23711142
-1.23711142
-1.23711142
-1.23711142
-1.23711142
-1.23711142
-1.23711142
-1.23711142
-1.23711142
-0.666954
-0.666954
-0.666954
-0.614764
-0.614764
-0.614764
-0.614764
-0.614764
-0.20221
-0.20221
-0.20221
-0.20221
-0.20221
-0.20221
-0.20221
-0.20221
-0.20221
-0.20221
-0.20221
-0.20221
-0.20221
-0.20221
0
0
0
0
0
0
0
0
0
0
0
0
0
0
0
0
0
0
0
0
0
0
0
0
0
0
0
0
0
0
0
0
0
0
0
0
0
0
0
0
0
0
0
0
0
0
0
0
0
0
0
0
0
0
0
0
0
0
0
0
0
0
0
0
0
0
0
0
0
0
0
0
0
0
0
0
0
0
0
0
0
0
0
0
0
0
0
0
0
0
0
0
