  1.00   0.40166000
  2.00   0.76247000
  3.00   0.74819000
  4.00   0.73990000
  5.00   0.15322000
  6.00   0.31341000
  7.00   0.30085000
  8.00   0.14477000
  9.00   0.26302000
 10.00   0.15391000
 11.00   0.11495000
 12.00   0.18007000
 13.00   0.38762000
 14.00   0.29404000
 15.00   0.12373000
 16.00   0.21728000
 17.00   0.14937000
 18.00   0.15004000
 19.00   0.15030000
 20.00   0.15164000
 21.00   0.27935000
 22.00   0.28140000
 23.00   0.28204000
 24.00   0.29123000
 25.00   0.01856700
 26.00   0.36012000
 27.00   0.64683000
 28.00   0.52147000
 29.00   0.66597000
 30.00   0.08523000
 31.00   0.15279000
 32.00   0.31490000
 33.00   0.25460000
 34.00   0.15896000
 35.00   0.15763000
 36.00   0.27610000
 37.00   0.28501000
 38.00   0.28821000
 39.00   0.31200000
 40.00   0.13979000
 41.00   0.14777000
 42.00   0.36547000
 43.00   0.40047000
 44.00   0.29242000
 45.00   0.77318000
 46.00   0.04971700
 47.00   0.70964000
 48.00   0.34833000
 49.00   0.34907000
 50.00   0.36871000
 51.00   0.37595000
 52.00   0.13825000
 53.00   0.12603000
 54.00   0.12643000
 55.00   0.17597000
 56.00   0.15738000
 57.00   0.33397000
 58.00   0.33450000
 59.00   0.70370000
 60.00   0.26634000
 61.00   0.26633000
 62.00   0.14238000
 63.00   0.13549000
 64.00   0.13469000
 65.00   0.35863000
 66.00   0.34114000
 67.00   0.23952000
 68.00   0.15963000
 69.00   0.15964000
 70.00   0.13287000
 71.00   0.15845000
 72.00   0.15964000
 73.00   0.13287000
 74.00   0.39587000
 75.00   0.39637000
 76.00   0.29464000
 77.00   0.15894000
 78.00   0.16624000
 79.00   0.16621000
 80.00   0.19275000
 81.00   0.73017000
 82.00   0.03898800
 83.00   0.38219000
 84.00   0.25578000
 85.00   0.16770000
 86.00   0.16779000
 87.00   0.18368000
 88.00   0.18314000
 89.00   0.18488000
 90.00   0.22200000
 91.00   0.25223000
 92.00   0.10577000
 93.00   0.10404000
 94.00   0.09515400
 95.00   0.11574000
 96.00   0.14076000
 97.00   0.04439000
 98.00   0.09848100
 99.00   0.12584000
100.00   0.00670600
101.00   0.05898100
102.00   0.05198400
103.00   0.95476000
104.00   0.14295000
105.00   0.00108740
106.00   0.92417000
107.00   0.36514000
108.00   0.65663000
109.00   0.29151000
110.00   0.13160000
111.00   0.37699000
112.00   0.91827000
113.00   0.83567000
114.00  -0.29443000
115.00  -0.10877000
116.00  -0.26216000
117.00  -0.65037000
118.00  -0.33752000
119.00  -0.06350300
120.00  -0.36354000
121.00  -0.35646000
122.00  -0.02600000
123.00  -0.01840000
124.00  -0.04080000
125.00  -0.01282300
126.00  -0.64233000
127.00  -0.35213000
128.00  -0.48280000
129.00  -0.38831000
130.00  -0.18047000
131.00  -0.48278000
132.00  -0.27336000
133.00  -0.19886000
134.00  -0.20000000
135.00  -0.29285000
136.00  -0.57960000
137.00  -0.47782000
138.00  -0.29128000
139.00  -0.39741000
140.00  -0.05460900
141.00  -0.62326000
142.00  -0.39958000
143.00  -0.24800000
144.00  -0.40814000
145.00  -0.32051000
146.00  -0.09846600
147.00  -0.26095000
148.00  -0.27558000
149.00  -0.32972000
150.00  -0.24376000
151.00  -0.23106000
152.00  -0.50083000
153.00  -0.44159000
154.00  -0.64482000
155.00  -0.26606000
156.00  -0.87166000
157.00  -0.50918000
158.00  -0.17010000
159.00  -0.28295000
160.00  -0.31996000
161.00  -0.51063000
162.00  -0.22491000
163.00  -0.54399000
164.00  -0.21944000
165.00  -0.00495120
166.00  -0.46724000
167.00  -0.21510000
168.00  -0.65873000
169.00  -0.03209100
170.00  -0.00131910
171.00  -0.04920800
172.00  -0.43082000
173.00  -0.19856000
174.00  -0.74946000
175.00  -0.54227000
176.00  -0.45783000
177.00  -0.39580000
178.00  -0.14771000
179.00  -0.65604000
180.00  -0.32311000
181.00  -0.34858000
182.00  -0.23252000
183.00  -0.36222000
184.00  -0.57635000
185.00  -0.32782000
186.00  -0.23835000
187.00  -0.31789000
188.00  -0.41197000
189.00  -0.22085000
190.00  -0.27731000
191.00  -0.50677000
192.00  -0.81667000
193.00  -0.62837000
194.00  -0.26149000
195.00  -0.29366000
196.00  -0.57775000
197.00  -0.24759000
198.00  -0.31141000
199.00  -0.28490000
200.00  -0.00520340
201.00  -0.41116000
202.00  -0.05481000
203.00  -0.27848000
204.00  -0.29302000
205.00  -0.28121000
206.00  -0.36323000
207.00  -0.55799000
208.00  -0.20171000
209.00  -0.02133400
210.00  -0.00182960
211.00   0.00000000
212.00   0.00000000
213.00   0.00000000
214.00   0.00000000
215.00   0.00000000
216.00   0.00000000
217.00  -0.00086090
218.00  -0.00000680
219.00   0.00014635
220.00   0.00003525
221.00   0.00000000
222.00  -0.00000000
223.00  -0.00000000
224.00   0.00000000
225.00   0.00000000
226.00  -0.00000000
227.00  -0.00000000
228.00   0.00000000
229.00   0.00000000
230.00   0.00000000
231.00  -0.00000000
232.00  -0.00000010
233.00   0.00000000
234.00   0.00000000
235.00   0.00000000
236.00   0.00000000
237.00  -0.00000000
238.00  -0.00060138
239.00   0.00000000
240.00  -0.00000000
241.00  -0.00000000
242.00   0.00000000
243.00   0.00000000
244.00  -0.00000000
245.00   0.00000000
246.00  -0.00003909
247.00   0.00000000
248.00  -0.00023301
249.00  -0.00000102
250.00  -0.00000338
251.00  -0.00000329
252.00  -0.00099612
253.00  -0.00067560
254.00  -0.00004212
255.00  -0.00004266
256.00  -0.00003683
257.00  -0.00003864
258.00  -0.00033653
259.00   0.00000000
260.00  -0.00036382
261.00  -0.00044722
262.00  -0.00000522
263.00  -0.00084829
264.00  -0.00001244
265.00  -0.00001190
266.00  -0.00002971
267.00  -0.00002101
268.00  -0.00000000
269.00   0.00000000
270.00  -0.00000000
271.00  -0.00000000
272.00  -0.00000000
273.00  -0.00000000
274.00   0.00000000
275.00  -0.00000000
276.00   0.00000000
277.00   0.00000000
278.00   0.00000000
279.00  -0.00000000
280.00  -0.00000000
281.00  -0.00000000
282.00   0.00000000
283.00  -0.00029548
284.00  -0.00066648
285.00   0.00009778
286.00   0.00000001
287.00   0.00015965
288.00   0.00000001
289.00  -0.00000022
290.00  -0.00000000
291.00  -0.00000000
292.00  -0.00000000
293.00  -0.00000000
294.00  -0.00000000
295.00  -0.00000000
296.00  -0.00000000
297.00  -0.00000000
298.00  -0.00000000
299.00  -0.00000001
300.00  -0.00000001
301.00  -0.00000001
302.00  -0.00000001
303.00  -0.00000001
304.00  -0.00000000
305.00  -0.00000000
306.00  -0.00000000
307.00  -0.00000000
308.00  -0.00000000
309.00  -0.00000000
310.00  -0.00000000
