1        0.40166
2        0.76247
3        0.74819
4        0.7337
5        0.15322
6        0.31341
7        0.30085
8        0.14477
9        0.26302
10        0.15391
11        0.11495
12        0.18007
13        0.38762
14        0.29404
15        0.12373
16        0.21728
17        0.14937
18        0.15004
19        0.1503
20        0.15164
21        0.27935
22        0.2814
23        0.28204
24        0.29123
25        0.018567
26        0.36012
27        0.64683
28        0.52147
29        0.66597
30        0.08523
31        0.15279
32        0.3149
33        0.2546
34        0.15896
35        0.15763
36        0.2761
37        0.28501
38        0.28821
39        0.312
40        0.13979
41        0.14777
42        0.36547
43        0.40047
44        0.29242
45        0.77318
46        0.049717
47        0.70964
48        0.34833
49        0.34907
50        0.36871
51        0.37595
52        0.13825
53        0.12603
54        0.12643
55        0.17597
56        0.15738
57        0.33397
58        0.3345
59        0.7037
60        0.26634
61        0.26633
62        0.14238
63        0.13549
64        0.13469
65        0.35863
66        0.34114
67        0.23952
68        0.15963
69        0.15964
70        0.13287
71        0.15845
72        0.15964
73        0.13287
74        0.39587
75        0.39637
76        0.29464
77        0.15894
78        0.16624
79        0.16621
80        0.19275
81        0.73017
82        0.038988
83        0.38219
84        0.25578
85        0.1677
86        0.16779
87        0.18368
88        0.18314
89        0.18488
90        0.222
91        0.25223
92        0.10577
93        0.10404
94        0.095154
95        0.11574
96        0.14076
97        0.04439
98        0.098481
99        0.12584
100        0.006706
101        0.058981
102        0.051984
103        0.95476
104        0.14295
105        0.0010874
106        0.92417
107        0.36514
108        0.65663
109        0.29151
110        0.1316
111        0.37699
112        0.91827
113        0.83567
114        -0.29443
115        -0.10877
116        -0.26216
117        -0.65037
118        -0.33752
119        -0.063503
120        -0.36354
121        -0.35646
122        -0.026
123        -0.0184
124        -0.0408
125        -0.012823
126        -0.64233
127        -0.35213
128        -0.4828
129        -0.38831
130        -0.18047
131        -0.48278
132        -0.27336
133        -0.19886
134        -0.2
135        -0.29285
136        -0.5796
137        -0.47782
138        -0.29128
139        -0.39741
140        -0.054609
141        -0.62326
142        -0.39958
143        -0.248
144        -0.40814
145        -0.32051
146        -0.098466
147        -0.26095
148        -0.27558
149        -0.32972
150        -0.24376
151        -0.23106
152        -0.50083
153        -0.44159
154        -0.64482
155        -0.26606
156        -0.87166
157        -0.50918
158        -0.1701
159        -0.28295
160        -0.31996
161        -0.51063
162        -0.22491
163        -0.54399
164        -0.21944
165        -0.0049512
166        -0.46724
167        -0.2151
168        -0.65873
169        -0.032091
170        -0.0013191
171        -0.049208
172        -0.43082
173        -0.19856
174        -0.74946
175        -0.54227
176        -0.45783
177        -0.3958
178        -0.14771
179        -0.65604
180        -0.32311
181        -0.34858
182        -0.23252
183        -0.36222
184        -0.57635
185        -0.32782
186        -0.23835
187        -0.31789
188        -0.41197
189        -0.22085
190        -0.27731
191        -0.50677
192        -0.81667
193        -0.62837
194        -0.26149
195        -0.29366
196        -0.57775
197        -0.24759
198        -0.31141
199        -0.2849
200        -0.0052034
201        -0.41116
202        -0.05481
203        -0.27848
204        -0.29302
205        -0.28121
206        -0.36323
207        -0.55799
208        -0.20171
209        -0.021334
210        -0.0018296
211        5.3291e-015
212        0
213        2.9421e-015
214        2.548e-014
215        1.504e-012
216        1.2801e-013
217        -0.0008609
218        -6.7995e-006
219        0.00014635
220        3.5249e-005
221        9.992e-016
222        -1.3323e-015
223        -1.2501e-013
224        6.5975e-014
225        1.7133e-014
226        -9.4369e-016
227        -3.9968e-015
228        0
229        0
230        8.1302e-013
231        -3.356e-012
232        -9.7818e-008
233        2.6951e-014
234        9.992e-016
235        1.4402e-013
236        1.0203e-013
237        -1.1002e-013
238        -0.00060138
239        5.0697e-014
240        -2.76e-013
241        -1.1602e-013
242        9.4008e-014
243        1.8599e-013
244        -8.8984e-014
245        4.6019e-014
246        -3.9087e-005
247        5.4414e-013
248        -0.00023301
249        -1.0226e-006
250        -3.3798e-006
251        -3.2912e-006
252        -0.00099612
253        -0.0006756
254        -4.2124e-005
255        -4.2658e-005
256        -3.6833e-005
257        -3.8641e-005
258        -0.00033653
259        3.7652e-017
260        -0.00036382
261        -0.00044722
262        -5.2166e-006
263        -0.00084829
264        -1.2442e-005
265        -1.1902e-005
266        -2.9705e-005
267        -2.1008e-005
268        -1.9984e-015
269        3.2041e-017
270        -2.4147e-015
271        -2.8002e-015
272        -1.5385e-016
273        -2.3427e-015
274        0
275        -9.992e-016
276        0
277        9.3868e-016
278        3.8858e-016
279        -9.4225e-016
280        -9.4689e-015
281        -2.2458e-014
282        2.7287e-011
283        -0.00029548
284        -0.00066648
285        9.7779e-005
286        1.1291e-008
287        0.00015965
288        1.1282e-008
289        -2.2423e-007
290        -1.8234e-011
291        -1.3685e-009
292        -3.2617e-009
293        -3.2619e-009
294        -7.4587e-010
295        -7.1113e-010
296        -9.9307e-012
297        -5.3855e-012
298        -1.112e-011
299        -1.1385e-008
300        -1.1487e-008
301        -1.4819e-008
302        -1.4819e-008
303        -1.1538e-008
304        -3.7019e-009
305        -3.7653e-009
306        -3.701e-009
307        -3.7653e-009
308        -3.4222e-009
309        -3.4222e-009
310        -4.3372e-009
