1        114        107        0.034359
2        114        153        0.049219
3        114        153        0.049219
4        115        140        0.055453
5        115        169        0.050719
6        116        187        0.088734
7        116        125        0.22922
8        211        202        0.0105
9        211        267        0.0105
10        211        209        0.010781
11        211        158        0.038531
12        211        158        0.038531
13        211        181        0.0051094
14        211        181        0.0051094
15        211        192        0.10702
16        117        190        0.014719
17        117        201        0.033797
18        117        188        0.020953
19        117        165        0.05302
20        212        154        0.061875
21        212        128        0.049078
22        118        121        0.14442
23        118        187        0.15825
24        119        196        0.040411
25        119        170        0.083437
26        119        187        0.11827
27        120        105        0.036328
28        120        186        0.021797
29        120        206        0.035859
30        120        126        0.015891
31        120        190        0.018759
32        121        125        0.0068906
33        121        125        0.0068906
34        121        248        0.014906
35        121        110        0.068733
36        122        125        0.016641
37        123        125        0.016641
38        124        125        0.016641
39        125        101        0.06
40        125        155        0.14484
41        126        198        0.039938
42        127        103        0.042188
43        127        186        0.025641
44        128        197        0.029109
45        128        168        0.0225
46        128        109        0.13641
47        129        140        0.023438
48        129        141        0.074063
49        130        177        0.12683
50        130        142        0.066384
51        213        139        0.038531
52        213        184        0.030234
53        213        194        0.15459
54        131        217        0.062264
55        131        166        0.044953
56        131        152        0.06675
57        214        188        0.057891
58        214        184        0.031125
59        214        254        0.0026719
60        214        255        0.0026719
61        214        256        0.0023437
62        214        257        0.0023437
63        132        200        0.082312
64        132        207        0.047813
65        132        283        0.011677
66        215        250        0.00014062
67        215        218        0.00014062
68        216        251        0.00014062
69        216        218        0.00014062
70        133        149        0.11109
71        133        146        0.066422
72        134        253        0.076917
73        135        199        0.023672
74        135        147        0.020109
75        217        176        0.0135
76        217        249        7.172e-005
77        136        206        0.044016
78        136        198        0.048656
79        137        154        0.055922
80        137        145        0.090938
81        138        203        0.072844
82        138        193        0.10205
83        139        144        0.060422
84        140        205        0.025266
85        140        205        0.025266
86        140        252        0.018797
87        140        169        0.102
88        141        160        0.050578
89        141        193        0.050953
90        141        189        0.042422
91        218        284        0.018891
92        218        147        0.10045
93        100        191        0.0058594
94        219        152        0.075914
95        219        152        0.078891
96        142        145        0.12164
97        142        195        0.059859
98        143        160        0.066422
99        143        145        0.098812
100        220        165        0.01065
101        221        165        0.01065
102        144        159        0.026813
103        144        199        0.013172
104        145        191        0.034547
105        145        169        0.13195
106        145        195        0.059906
107        101        110        0.10519
108        146        182        0.054891
109        146        170        0.037359
110        146        163        0.066281
111        146        149        0.13552
112        147        164        0.023719
113        147        206        0.0435
114        148        156        0.15342
115        148        156        0.15342
116        148        155        0.14297
117        148        178        0.093178
118        148        178        0.093
119        102        185        0.12893
120        149        192        0.054891
121        149        192        0.059559
122        149        204        0.05925
123        150        166        0.068016
124        150        176        0.026695
125        151        159        0.037125
126        151        189        0.045187
127        152        246        0.092508
128        152        166        0.082345
129        153        168        0.041109
130        153        168        0.039844
131        153        183        0.11161
132        154        194        0.031172
133        154        210        0.078328
134        155        110        0.082125
135        156        196        0.090141
136        157        201        0.035109
137        157        103        0.053344
138        222        106        0.017297
139        158        109        0.15834
140        158        109        0.1583
141        158        208        0.14061
142        158        174        0.12442
143        158        204        0.18595
144        158        258        0.0081422
145        158        260        0.0082078
146        158        261        0.0081422
147        158        262        0.0080672
148        103        285        0.0022969
149        103        286        0.0022031
150        103        287        0.0021094
151        103        288        0.0020625
152        159        284        0.074484
153        223        160        4.688e-005
154        224        160        4.688e-005
155        225        160        0.00072187
156        160        210        0.016172
157        161        179        0.056109
158        161        184        0.080672
159        161        183        0.13162
160        162        134        0.11606
161        162        108        0.11606
162        163        196        0.046734
163        226        191        0.016397
164        227        184        0.0064219
165        164        284        0.044156
166        165        283        0.011677
167        228        109        0.021984
168        229        109        0.021937
169        166        111        0.067139
170        167        180        0.086484
171        167        106        0.033891
172        167        203        0.041672
173        168        197        0.025734
174        168        109        0.11916
175        168        171        0.079125
176        169        191        0.11091
177        170        204        0.15356
178        171        204        0.32283
179        172        108        0.095672
180        172        263        0.15502
181        173        174        0.035002
182        173        204        0.030244
183        174        181        0.09735
184        175        192        0.037819
185        175        181        0.075609
186        176        200        0.027591
187        176        201        0.095062
188        177        238        0.057722
189        178        263        0.10027
190        179        194        0.024188
191        180        205        0.039891
192        230        210        4.688e-005
193        230        264        4.688e-005
194        231        210        4.688e-005
195        231        265        4.688e-005
196        232        104        1.875e-005
197        104        238        0.019717
198        181        266        0.009
199        182        196        0.017845
200        233        183        0.00088594
201        234        183        0.0012609
202        183        207        0.17855
203        184        198        0.053484
204        235        198        4.688e-005
205        236        198        4.688e-005
206        237        198        4.688e-005
207        238        185        0.054389
208        239        201        0.00046875
209        240        201        0.00046875
210        241        201        0.00046875
211        242        201        0.00046875
212        243        201        0.00046875
213        244        201        0.00046875
214        245        201        0.00046875
215        246        207        0.0966
216        185        208        0.17727
217        247        283        4.688e-005
218        176        112        0.050625
219        176        113        0.050625
220        268        100        0.057272
221        269        100        0.057272
222        270        219        0.033291
223        271        219        0.043978
224        272        219        0.043978
225        273        219        0.038602
226        274        220        0.057272
227        275        221        0.06375
228        276        285        0.05393
229        277        286        0.053925
230        278        287        0.10673
231        279        288        0.053902
232        280        284        0.0026156
233        281        284        0.0035344
234        282        232        4.69e-006
235        248        1        0.25781
236        122        2        0.12966
237        123        3        0.12764
238        124        4        0.13298
239        249        5        0.32446
240        249        6        0.32446
241        250        85        0.65018
242        251        86        0.64217
243        219        289        0.64734
244        252        14        0.25781
245        252        13        0.25312
246        253        15        0.58678
247        253        16        0.45038
248        253        290        0.45052
249        254        17        0.2625
250        254        21        0.26348
251        255        18        0.2625
252        255        22        0.26348
253        256        19        0.2625
254        256        23        0.26348
255        257        20        0.25781
256        257        24        0.26348
257        222        25        0.26719
258        222        26        0.26719
259        258        27        0.20135
260        259        31        0.6502
261        258        31        0.6502
262        260        28        0.20135
263        260        32        0.6502
264        260        32        0.6502
265        261        29        0.20135
266        261        33        0.6502
267        261        33        0.6502
268        262        30        0.20135
269        262        291        0.6502
270        262        291        0.6502
271        223        34        0.2625
272        223        36        0.30469
273        224        37        0.30469
274        224        35        0.2625
275        225        292        0.30469
276        225        293        0.2625
277        226        40        0.59344
278        226        41        0.59344
279        226        38        0.32484
280        226        39        0.32484
281        227        42        0.222
282        228        43        0.25781
283        229        44        0.25781
284        169        47        0.13125
285        169        46        0.13125
286        169        45        0.13125
287        170        90        0.32484
288        170        91        0.32484
289        178        48        0.2625
290        178        49        0.2625
291        178        50        0.25781
292        178        51        0.2625
293        178        52        0.75
294        178        294        0.75
295        178        53        0.75
296        178        54        0.75
297        264        55        0.21094
298        264        57        0.31245
299        265        56        0.10453
300        265        58        0.31245
301        233        60        0.32489
302        233        61        0.32489
303        233        62        0.51314
304        233        63        0.51314
305        234        59        0.13434
306        235        64        0.26719
307        235        67        0.30469
308        236        65        0.26719
309        237        66        0.26719
310        200        68        0.75938
311        200        69        0.76266
312        200        70        0.76687
313        200        71        0.76406
314        200        72        0.76406
315        200        73        0.76219
316        239        295        0.75
317        240        79        0.75
318        241        76        0.33281
319        242        78        0.75
320        243        77        0.75
321        244        75        0.20813
322        245        74        0.26324
323        266        80        0.25781
324        202        81        0.12656
325        267        82        0.13125
326        246        83        0.25581
327        246        84        0.25336
328        111        99        0.80232
329        247        296        0.20813
330        268        7        0.40818
331        268        8        0.56635
332        269        297        0.40818
333        269        298        0.56635
334        270        299        0.51374
335        270        300        0.51374
336        271        87        0.47725
337        271        301        0.48121
338        272        88        0.47725
339        272        302        0.48121
340        273        89        0.51428
341        273        303        0.5133
342        274        9        0.40818
343        274        10        0.56635
344        275        11        0.52031
345        275        12        0.52031
346        276        92        0.62702
347        276        93        0.63777
348        277        304        0.63244
349        277        305        0.63781
350        278        94        0.67712
351        278        95        0.67712
352        279        306        0.63224
353        279        307        0.63776
354        281        308        0.60584
355        281        309        0.60584
356        280        96        0.60325
357        280        310        0.60325
358        282        97        0.0051835
359        282        98        0.0051835
360        102        187        0.18253
361        144        160        0.18253
