43.5694439
43.7049749
43.7049749
43.7049749
49.2466979
55.4675609
59.8845449
72.9745427
75.8748467
81.0640802
81.8622182
80.6609522
85.8094373
88.8712103
92.6039657
99.3385397001
99.4708433
100.9876223
106.9272659
107.542838
122.357396
129.1606463
129.9297278
137.613197
139.6625564
151.4443187
151.6465559
152.0184791
158.8827233
164.3834207
163.4555432
165.3227525
166.6391159
174.1971422
182.1334376
186.4480952
196.4372546
197.7173345
198.6609431
203.9149721
218.1707147
225.5505311
235.3558277
239.1200849
244.3161791
256.2367592
262.4301002
266.91169259
267.5803079
291.1203398
292.4089634
310.8332297
305.16448079
310.37490029
327.1595177
341.57051309
343.38580679
347.46800348
353.80009298
356.08094408
359.43759848
371.63197298
372.53673299
374.7100493
378.3314495
384.1507883
394.392862999
403.6478384
417.52946
440.319329299
453.9109799
450.945524
457.519124
473.1048623
481.4676497
500.0028851
511.2367517
513.6082967
534.167399
545.0379059
540.05424689
534.73007639
547.80239279
570.7942904
573.071399299
580.48922279
581.17151
596.2337462
618.91268699
625.17871379
629.41000844
636.6420713
646.7499911
676.80070949
685.4531699
692.8208885
699.2512058
711.992307799
729.6768956
738.6200705
744.5334395
773.4351827
767.693251999
771.8117807
782.2839314
791.7132062
784.1527643
788.23448084
801.277437799
809.64137954
835.348664
852.8809502
855.189600499
854.7321215
863.98828094
879.06954593
896.2788773
909.574246639
911.0489546
908.81526017
920.1799523
933.52142198
959.83834844
964.10445644
971.74651196
991.88009246
1020.42374573
1011.15875549
1026.48680867
1041.58692623
1051.20584444
1067.25051308
1096.94044379
1099.60650587
1112.02983272
1156.12906196
1155.01967192
1147.33934102
1151.31908063
1171.76488832
1177.97212397
1208.64371591
1211.36295782
1225.7901902
1233.78750128
1240.17399029
1255.46382452
1260.03648701
1259.16427028
1260.72704468
1260.32113379
1275.50083448
1290.84611168
1295.84857475
1298.30491127
1321.28795135
1322.71723514
1324.90093952
1339.53234653
1346.38190507
1374.76785233
1391.8538693
1409.54933225
1435.53463247
1430.82655184
1416.22162634
1457.92923338
1457.11828379
1466.10932915
1480.39068107
1483.7778839
1494.02505512
1509.04474706
1510.00756562
1515.4361534
1520.61188924
1533.35079938
1550.75690018
1557.66108197
1561.38027338
1569.57240458
1567.25412554
1580.42819612
1593.98768063
1591.86900143
1588.90788668
1622.38438325
1639.15555646
1653.74037902
1654.52167613
1663.48908623
1677.09020222
1677.49288373
1702.95302063
1706.97949913
1751.93962742
1740.47489876
1742.66089796
1748.04047876
1771.06096955
1780.34133746
1778.5552052
1800.03111086
1822.46075975
1837.1621261
1822.9377368
1860.38167916
1867.98861146
1907.28487946
1898.00998526
1918.54097849
1928.18779094
1943.8555448
1988.41418255
2005.31459135
1988.68350116
2014.96572812
1995.46125302
2011.30540112
2013.64753421
2037.92398652
2060.11265951
2064.60974441
2072.15382755
2098.95902696
2103.35489426
2117.13020966
2127.81053756
2112.82350275
2128.21547726
2137.70919116
2151.57425204
2156.18661254
2156.45599154
2168.53669523
2166.35688353
2180.26831304
2184.54896414
2195.57893727
2214.51066767
2226.10578824
2238.90034133
2233.69681124
2258.06411684
2255.60650223
2261.05001426
2280.28637756
2281.80561176
2294.75747684
2303.00895854
2312.96692304
2333.37352574
2335.22162804
2349.99136874
2363.16576602
2384.83537112
2393.52004712
2412.54269516
2417.26182716
2427.82096916
2430.98857316
2428.38509195
2432.02961855
2440.16178446
2443.84350932
2436.62047526
2440.26103196
2445.59481536
2464.46777936
2475.79851845
2502.27183224
2507.67805988
2516.05682588
2510.27492888
2513.36590292
2521.92910592
2533.94958692
2534.60824382
2539.33866182
2546.91549812
2550.19160612
2556.11497412
2568.51927812
2572.45403312
2586.40659812
2592.65508212
2594.63508212
2594.30254112
2600.36926112
2631.19567916
2631.50478686
2643.97929374
2635.2010667
2641.24352279
2669.15815283
2676.67938479
2684.02449179
2688.40201439
2701.37026397
2701.37026397
2685.60253397
2702.05345406
2708.60408606
2709.14670506
2718.0573941
2724.2696441
2729.4653621
2739.8240291
2745.2781272
2760.4067231
2795.8759481
2807.68001114
2816.21331614
2837.58820814
2842.6806038
2853.05728286
2866.14056846
2859.76990955
2869.95989045
2870.49075815
2872.03326725
2875.51935425
2878.28029595
2881.74429704
2887.57017974
2906.40057374
2906.4520874
2912.4469334
2923.7242214
2932.45249106
2949.79471706
2952.43248494
2956.50296894
2961.03548594
2973.13015754
2979.68217158
2986.47456158
3006.15586058
3022.16319038
3027.21149738
3031.83717338
3036.46652426
3042.93003626
3046.51601426
3050.79770486
3056.54064146
3050.41938434
3061.031426
3069.9521279
3075.4484099
3092.66584238
3098.92640538
3106.78238204
3120.91592994
3121.12926994
3127.69514794
3133.51913394
3145.04154794
3149.30419194
3149.84681094
