-31.8172173
-31.8172173
-31.8172173
-31.8172173
-31.8172173
-31.8172173
-31.8172173
-31.8172173
-31.8172173
-31.8172173
-31.8172173
-31.8172173
-31.8172173
-31.8172173
-31.8172173
-31.8172173
-31.8172173
-31.8172173
-31.8172173
-31.8172173
-31.8172173
-30.1296773
-28.5835421
-26.4278267
-24.66789198
-23.90999464
-23.46163644
-22.0783929
-21.22886944
-20.51508684
-20.21651804
-19.26202132
-18.88947772
-18.60186212
-18.56881612
-18.18007304
-17.59198892
-17.27480892
-16.83308092
-16.18594292
-15.91998712
-15.75183112
-15.35838032
-14.85073132
-14.43078492
-14.55085492
-14.59687772
-14.24153372
-14.21125172
-14.13742372
-14.10941572
-14.10941572
-14.1277502
-14.10068572
-14.10068572
-14.01917452
-14.08264252
-14.05219452
-14.05219452
-14.01917452
-13.70822252
-13.59296852
-13.52417452
-13.2536946
-13.2206006
-13.1766546
-13.0448688
-12.8206448
-12.7866248
-12.6319412
-12.353025
-12.263543
-11.89431418
-11.8962036
-11.4687834
-11.12633472
-10.97070672
-10.87638272
-10.77454672
-10.58344112
-10.58344112
-10.53597506
-10.52638728
-10.53722912
-10.07422992
-9.99183592
-9.92627192
-9.85507972
-9.57357572
-9.43198812
-9.23577352
-9.15337952
-9.17530072
-9.13495872
-9.06175872
-8.9924668
-8.5594788
-8.5594788
-8.5485168
-8.4788008
-8.2169062
-8.2169062
-8.2169062
-8.1769062
-7.8521756
-7.7369056
-7.7369056
-7.91839352
-7.61600012
-7.4964316
-7.68925752
-7.56887952
-7.44033352
-7.40675952
-7.40675952
-7.32337528
-7.21282928
-7.21434728
-7.28283308
-7.27381248
-7.23381248
-7.19347048
-6.94346668
-6.92377188
-6.92377188
-6.92377188
-6.67791406
-6.63536406
-6.63536406
-6.68648206
-6.68648206
-6.83427406
-6.78106206
-6.46408206
-6.46408206
-6.35230806
-6.41161006
-5.99932606
-5.94072206
-5.80242686
-5.56434426
-4.71788686
-4.71788686
-4.67448366
-4.60405766
-4.60405766
-4.61972566
-4.56505366
-4.38342574
-4.26715174
-4.26715174
-4.20027974
-4.20027974
-4.20027974
-4.10882374
-4.02743574
-3.92559974
-3.92039974
-3.81856374
-3.55738974
-3.5563995
-3.5521327
-3.5411707
-3.12998186
-3.12741726
-3.12741726
-3.03883346
-2.66611146
-2.66611146
-2.51660546
-2.42503946
-2.33887546
-2.33887546
-1.95062546
-1.88357946
-1.81228746
-1.81202364
-1.77713164
-1.74332284
-1.64676284
-1.57222484
-1.57222484
-1.37779484
-1.37779484
-1.39400308
-1.39093108
-1.39093108
-1.3898904
-1.29229372
-0.92873972
-0.72833372
-0.48809372
-0.48809372
-0.48809372
-0.43818948
-0.43818948
-0.43719924
-0.43615856
-0.43615856
-0.43615856
-0.43615856
-0.43589474
-0.42428674
-0.38506674
-0.38506674
-0.28490074
-0.28490074
-0.28490074
-0.23991874
-0.23991874
-0.23965492
-0.23965492
-0.23965492
-0.23866468
-0.23866468
-0.20912268
-0.208082
-0.208082
-0.208082
-0.208082
-0.208082
-0.106728
-0.03402
-0.03402
0.0
0.0
0.0
0.0
0.0
0.0
0.0
0.0
0.0
0.0
0.0
0.0
0.0
0.0
0.0
0.0
0.0
0.0
0.0
0.0
0.0
0.0
0.0
0.0
0.0
0.0
0.0
0.0
0.0
0.0
0.0
0.0
0.0
0.0
0.0
0.0
0.0
0.0
0.0
0.0
0.0
0.0
0.0
0.0
0.0
0.0
0.0
0.0
0.0
0.0
0.0
0.0
0.0
0.0
0.0
0.0
0.0
0.0
0.0
0.0
0.0
0.0
0.0
0.0
0.0
0.0
0.0
0.0
0.0
0.0
0.0
0.0
0.0
0.0
0.0
0.0
0.0
0.0
0.0
0.0
0.0
0.0
0.0
0.0
0.0
0.0
0.0
0.0
0.0
0.0
0.0
0.0
0.0
0.0
0.0
0.0
0.0
0.0
0.0
0.0
0.0
0.0
0.0
0.0
0.0
0.0
0.0
0.0
0.0
0.0
0.0
0.0
0.0
0.0
0.0
0.0
0.0
0.0
0.0
0.0
0.0
0.0
0.0
0.0
0.0
0.0
0.0
0.0
0.0
0.0
0.0
0.0
0.0
0.0
0.0
0.0
