-0.106188100001
-0.106188100001
-0.106188100001
-0.106188100001
-0.106188100001
-0.106188100001
-0.106188100001
-0.106188100001
-0.106188100001
-0.106188100001
-0.106188100001
-0.106188100001
-0.106188100001
-0.106188100001
-0.106188100001
-0.106188100001
-0.106188100001
-0.106188100001
-0.106188100001
-0.106188100001
-0.106188100001
166.9602719
320.0276567
533.4434813
707.67701858
782.70885524
827.09631704
964.0374275
1048.14025004
1118.80472744
1148.36303864
1242.85821392
1279.74003032
1308.21397472
1311.48552872
1349.97109364
1408.19142152
1439.59224152
1483.32331352
1547.38997552
1573.71959972
1590.36704372
1629.31867292
1679.57592392
1721.15061752
1709.26368752
1704.70743032
1739.88648632
1742.88440432
1750.19337632
1752.96616832
1752.96616832
1751.1510548
1753.83043832
1753.83043832
1761.90004712
1755.61671512
1758.63106712
1758.63106712
1761.90004712
1792.68429512
1804.09444112
1810.90504712
1837.6825592
1840.9588652
1845.3095192
1858.3563134
1880.5544894
1883.9224694
1899.2361458
1926.8488496
1935.7075676
1972.26122078
1972.0741682
2014.388768
2048.29118732
2063.69835932
2073.03643532
2083.11819932
2102.03765372
2102.03765372
2106.73679366
2107.68598388
2106.61264172
2152.44956252
2160.60656852
2167.09740452
2174.14543232
2202.01432832
2216.03150072
2235.45674612
2243.61375212
2241.44355332
2245.43741132
2252.68421132
2259.5441114
2302.4099234
2302.4099234
2303.4951614
2310.3970454
2336.3246108
2336.3246108
2336.3246108
2340.2846108
2372.4329402
2383.8446702
2383.8446702
2365.87736612
2395.81431272
2407.6515962
2388.56183012
2400.47925212
2413.20530612
2416.52913212
2416.52913212
2424.78417188
2435.72822588
2435.57794388
2428.79784968
2429.69088908
2433.65088908
2437.64474708
2462.39512328
2464.34490848
2464.34490848
2464.34490848
2488.68483266
2492.89728266
2492.89728266
2487.83660066
2487.83660066
2473.20519266
2478.47318066
2509.85420066
2509.85420066
2520.92583842
2515.05494042
2555.87105642
2561.67285242
2575.35806546
2598.92824286
2682.74653522
2682.74653522
2687.03918522
2694.01135922
2694.01135922
2692.47079698
2697.88332498
2715.86448906
2727.37561506
2727.37561506
2733.9853733
2733.9853733
2733.9853733
2743.0395173
2751.0969293
2761.1786933
2761.6934933
2771.7752573
2797.6314833
2797.72951706
2798.15619706
2799.24143506
2839.94913022
2840.20302562
2840.20302562
2848.97282182
2885.87229982
2885.87229982
2900.67339382
2909.73842782
2918.26866382
2918.26866382
2956.70541382
2963.34296782
2970.40087582
2970.426994
2973.90031176
2977.24738296
2986.80682296
2994.18608496
2994.18608496
3013.43465496
3013.43465496
3011.8300392
3012.1341672
3012.1341672
3012.23719452
3021.89926584
3057.91111184
3077.75130584
3101.5540756
3101.5540756
3101.5540756
3106.4955856
3106.4955856
3106.5946096
3106.69763692
3106.69763692
3106.69763692
3106.69763692
3106.7237551
3107.8729471
3111.7557271
3111.7557271
3121.6721611
3121.6721611
3121.6721611
3126.1253791
3126.1253791
3126.15149728
3126.15149728
3126.15149728
3126.25052128
3126.25052128
3129.17517928
3129.2782066
3129.2782066
3129.2782066
3129.2782066
3129.2782066
3139.3322526
3146.5303446
3146.5303446
3149.8983246
3149.8983246
3149.8983246
3149.8983246
3149.8983246
3149.8983246
3149.8983246
3149.8983246
3149.8983246
3149.8983246
3149.8983246
3149.8983246
3149.8983246
3149.8983246
3149.8983246
3149.8983246
3149.8983246
3149.8983246
3149.8983246
3149.8983246
3149.8983246
3149.8983246
3149.8983246
3149.8983246
3149.8983246
3149.8983246
3149.8983246
3149.8983246
3149.8983246
3149.8983246
3149.8983246
3149.8983246
3149.8983246
3149.8983246
3149.8983246
3149.8983246
3149.8983246
3149.8983246
3149.8983246
3149.8983246
3149.8983246
3149.8983246
3149.8983246
3149.8983246
3149.8983246
3149.8983246
3149.8983246
3149.8983246
3149.8983246
3149.8983246
3149.8983246
3149.8983246
3149.8983246
3149.8983246
3149.8983246
3149.8983246
3149.8983246
3149.8983246
3149.8983246
3149.8983246
3149.8983246
3149.8983246
3149.8983246
3149.8983246
3149.8983246
3149.8983246
3149.8983246
3149.8983246
3149.8983246
3149.8983246
3149.8983246
3149.8983246
3149.8983246
3149.8983246
3149.8983246
3149.8983246
3149.8983246
3149.8983246
3149.8983246
3149.8983246
3149.8983246
3149.8983246
3149.8983246
3149.8983246
3149.8983246
3149.8983246
3149.8983246
3149.8983246
3149.8983246
3149.8983246
3149.8983246
3149.8983246
3149.8983246
3149.8983246
3149.8983246
3149.8983246
3149.8983246
3149.8983246
3149.8983246
3149.8983246
3149.8983246
3149.8983246
3149.8983246
3149.8983246
3149.8983246
3149.8983246
3149.8983246
3149.8983246
3149.8983246
3149.8983246
3149.8983246
3149.8983246
3149.8983246
3149.8983246
3149.8983246
3149.8983246
3149.8983246
3149.8983246
3149.8983246
3149.8983246
3149.8983246
3149.8983246
3149.8983246
3149.8983246
3149.8983246
3149.8983246
3149.8983246
3149.8983246
3149.8983246
3149.8983246
3149.8983246
3149.8983246
3149.8983246
3149.8983246
3149.8983246
3149.8983246
