-31.5952150072
-31.545152717
-31.5170815287
-31.514589183
-31.4737677059
-31.4640490872
-31.4310573118
-31.3825716799
-31.3693883946
-31.315423839
-31.2546976622
-31.209670064
-31.0551114873
-31.0524432795
-30.9951608666
-30.9416808864
-30.9476465379
-30.8943450179
-30.8326560211
-30.7844634935
-30.7307758758
-30.6253000099
-30.5594460761
-30.5413195612
-30.5364890702
-30.539826781
-30.51275615
-30.4318270811
-30.3031883707
-30.2331767265
-30.0775515683
-30.0606432921
-30.0405693297
-29.960531548
-29.916712763
-29.8884213777
-29.8658780402
-29.8129520448
-29.6458204833
-29.5703471833
-29.4952045335
-29.4255630165
-29.3746050653
-29.3574390653
-29.2194291572
-29.1909391572
-29.1749751854
-29.0950788741
-29.0431932423
-28.9542544181
-28.8828357816
-28.8349285205
-28.8001397069
-28.7494143034
-28.6872597388
-28.6260363944
-28.5954783712
-28.3567285209
-28.3141431359
-28.2797628484
-28.2585350359
-28.2335189254
-28.2294389254
-28.1499139329
-28.0493024965
-27.9743957852
-27.9694766618
-27.7542878949
-27.5633218949
-27.5377607716
-27.5322998716
-27.4808825419
-27.3408825419
-27.1830536463
-27.1831425628
-27.1163585628
-26.9434806628
-26.9007023822
-26.8230450554
-26.6326271985
-26.5249150284
-26.4606820284
-26.4130323554
-26.3647291976
-26.2688837142
-26.1059945699
-25.945466808
-25.8584473574
-25.7652609695
-25.5423487505
-25.5423487505
-25.5202039483
-25.3689244511
-25.3800554528
-25.3056525254
-25.1321170873
-25.0255165632
-24.8703410102
-24.8345144853
-24.7645144854
-24.6585317373
-24.6585317372
-24.5363167982
-24.4798770166
-24.4688889168
-24.4094680168
-24.3066506929
-24.2247086929
-24.2176651225
-24.0994372529
-24.1083319103
-23.9422509104
-23.8815164203
-23.7355572625
-23.6814436982
-23.6792982172
-23.6071975445
-23.5154021149
-23.5135621149
-23.3880836461
-23.3402165345
-23.2942682795
-23.2132394491
-23.1844364489
-23.1403100717
-23.0323533617
-22.8091013618
-22.7362753617
-22.7145223617
-22.6740593651
-22.5156878383
-22.364788608
-22.3197368796
-22.2202758796
-22.1106298796
-22.0042226401
-21.9342226401
-21.8642226401
-21.6904571258
-21.6452062258
-21.5052062258
-21.4455462258
-21.3540861258
-21.2391011258
-21.2349940259
-21.1421964456
-21.0436175216
-20.9460595216
-20.8482115216
-20.7171579414
-20.5467249414
-20.4257429414
-20.2940409414
-20.2144510794
-20.133483144
-20.030354244
-19.960354244
-19.935049284
-19.758815284
-19.6954830222
-19.6153013384
-19.5270205807
-19.3930821221
-19.3411251221
-19.2999281221
-19.2620988935
-19.2078718935
-19.0141983522
-18.9199313522
-18.7174403522
-18.6998073922
-18.6251493922
-18.4627945922
-18.3211695922
-18.1984178922
-18.1481308922
-18.1472398922
-17.9905292148
-17.8663969147
-17.7407216147
-17.7407216147
-17.5473636147
-17.5102406147
-17.4472196148
-17.2631976927
-17.2419536927
-17.2217826927
-17.1517826927
-17.1446076527
-17.0828916527
-17.0153716526
-16.9903419214
-16.9508974924
-16.9024533324
-16.7652932124
-16.6617169124
-16.5486349124
-16.4709680124
-16.4709680124
-16.4385270124
-16.3387708924
-16.2085818924
-16.0110957724
-15.9321938724
-15.8905548724
-15.5414139124
-15.4722901993
-15.4722901993
-15.3484321993
-15.2210841993
-15.0905121993
-14.9494121993
-14.8028191993
-14.7977341993
-14.7703981993
-14.5581878384
-14.5083958384
-14.4823008384
-14.2787741705
-14.1535630505
-14.0835630505
-13.9956320505
-13.8754147721
-13.7732107321
-13.7115967321
-13.5909197321
-13.5195427321
-13.3410057321
-13.0638157321
-12.9918167321
-12.9918167321
-12.9019788959
-12.8094878959
-12.6907405959
-12.6207405959
-12.4559405959
-12.3832086859
-12.2517287859
-12.1796217859
-12.0378258259
-11.8842829459
-11.6630129459
-11.5715029459
-11.4315029459
-11.3339449459
-11.3044755459
-11.2468405459
-11.1492275459
-11.0559644259
-10.9180164259
-10.8234344259
-10.8234344259
-10.6947534259
-10.6234703259
-10.54301065
-10.38723865
-10.24691665
-10.06665669
-9.96301069001
-9.87055669
-9.68048669002
-9.62504039002
-9.56888239002
-9.38748939001
-9.28445039001
-9.20341129001
-9.04670829001
-8.97262829001
-8.83609117001
-8.69609117
-8.65360017
-8.58302317
-8.53098117001
-8.41217817001
-8.33044407001
-8.18614487001
-8.05027187001
-8.02925053001
-7.82995953001
-7.76600249001
-7.64043249002
-7.64043249001
-7.55562853
-7.50007563
-7.23843593
-7.04569993
-6.99766093
-6.74674681
-6.65658415
-6.59184525
-6.42684225
-6.39711395
-6.28556955
-6.22452755
-6.15452755
-5.94219655
-5.8321013
-5.79126814
-5.68562214
-5.64311018
-5.50311018
-5.36311018
-5.24109878
-5.13916244
-5.06916244
-5.03039414
-4.75404514
-4.70087218
-4.54663118
-4.54250418
-4.51362418
-4.33251884
-4.21642084
-4.16814084
-4.11845676
-4.07480176
-4.01351476
-3.87249042
-3.81013646
-3.74304346
-3.67304346
-3.53052115
-3.44018677
-3.35964677
-3.11995177
-3.02469377
-3.02469377
-2.94027777
-2.83867577
-2.74499043
-2.59026594
-2.48540794
-2.34712894
-2.32258494
-2.24157694
-2.20008464
-2.08321013
-2.00180783
-1.93180783
-1.79167803
-1.58398603
-1.48220791
-1.28177591
-1.17762669
-1.07982581
-0.98831581
-0.98283481
-0.88267581
-0.73290051
-0.62380521
-0.60903421
-0.50916321
-0.41120421
-0.37941521
-0.27330518
-0.19940718
-0.15820078
-0.10341068
-0.08341068
-0.04724434
