-3.18172173
-3.18172173
-3.18172173
-3.18172173
-3.18172173
-3.18172173
-3.18172173
-3.18172173
-3.18172173
-3.18172173
-3.18172173
-3.18172173
-3.09614873
-3.09614873
-3.09614873
-3.09614873
-3.09614873
-3.09614873
-3.03273322466
-3.03273322466
-3.03273322466
-3.03273322466
-3.03013322466
-3.03013322466
-3.03013322466
-3.03013322466
-3.03013322466
-3.03013322466
-3.03013322466
-3.03013322466
-3.03013322466
-3.03013322466
-3.03013322466
-3.03013322466
-3.03013322466
-3.03013322466
-3.03013322466
-3.03013322466
-3.03013322466
-2.99542084916
-2.99542084916
-2.99542084916
-2.99542084916
-2.99542084916
-2.99542084916
-2.99328744916
-2.99328744916
-2.99328744916
-2.99328744916
-2.99328744916
-2.99328744916
-2.99328744916
-2.99328744916
-2.91849644916
-2.91849644916
-2.91849644916
-2.81310133
-2.81310133
-2.61310133
-2.61310133
-2.61310133
-2.61310133
-2.61310133
-2.61310133
-2.61310133
-2.61310133
-2.61310133
-2.61310133
-2.61310133
-2.61310133
-2.61310133
-2.61310133
-2.61310133
-2.61310133
-2.61310133
-2.61310133
-2.61310133
-2.61310133
-2.61310133
-2.61310133
-2.59050033
-2.58557953
-2.54038853
-2.54038853
-2.54038853
-2.54038853
-2.54038853
-2.54038853
-2.51655353
-2.48806353
-2.40898034171
-2.40898034171
-2.40898034171
-2.40898034171
-2.40898034171
-2.40898034171
-2.40898034171
-2.40898034171
-2.40898034171
-2.40898034171
-2.40898034171
-2.40898034171
-2.40349934171
-2.40349934171
-2.40349934171
-2.40349934171
-2.40349934171
-2.40349934171
-2.40349934171
-2.40349934171
-2.40349934171
-2.40349934171
-2.39677022171
-2.39677022171
-2.39677022171
-2.29115122171
-2.29115122171
-2.26001022171
-2.26001022171
-2.26001022171
-2.26001022171
-2.26001022171
-2.20909222171
-2.20909222171
-2.15108722171
-2.15108722171
-2.15108722171
-2.12487122171
-2.12487122171
-2.08367422171
-2.08367422171
-1.95401422171
-1.95401422171
-1.95401422171
-1.95401422171
-1.78839122171
-1.78839122171
-1.58794022171
-1.58794022171
-1.58794022171
-1.58794022171
-1.58794022171
-1.58794022171
-1.58794022171
-1.58794022171
-1.58794022171
-1.50128088171
-1.50128088171
-1.50128088171
-1.50128088171
-1.50128088171
-1.50128088171
-1.48427088171
-1.48427088171
-1.48427088171
-1.48427088171
-1.48427088171
-1.39173788171
-1.32750488171
-1.18241988171
-1.18241988171
-1.18241988171
-1.18241988171
-1.18241988171
-1.18241988171
-1.18241988171
-0.931243881709
-0.931243881709
-0.931243881709
-0.904637881709
-0.904637881709
-0.904637881709
-0.904637881709
-0.904637881709
-0.904637881709
-0.904637881709
-0.904637881709
-0.904637881709
-0.828037581709
-0.57955096
-0.57955096
-0.53655196
-0.53655196
-0.53655196
-0.53655196
-0.53655196
-0.53655196
-0.53655196
-0.53655196
-0.53655196
-0.53655196
-0.53655196
-0.53655196
-0.53655196
-0.53655196
-0.53655196
-0.33250896
-0.33250896
-0.33250896
-0.33250896
-0.33250896
-0.33250896
-0.29729596
-0.29729596
-0.29729596
-0.29729596
-0.29729596
-0.11273396
-0.11273396
-0.11273396
-0.11273396
0
0
0
0
0
0
0
0
0
0
0
0
0
0
0
0
0
0
0
0
0
0
0
0
0
0
0
0
0
0
0
0
0
0
0
0
0
0
0
0
0
0
0
0
0
0
0
0
0
0
0
0
0
0
0
0
0
0
0
0
0
0
0
0
0
0
0
0
0
0
0
0
0
0
0
0
0
0
0
0
0
0
0
0
0
0
0
0
0
0
0
0
0
0
0
0
0
0
0
0
0
0
0
0
0
0
0
0
0
0
0
0
0
0
0
0
0
0
0
0
0
0
0
0
0
0
0
0
0
0
0
0
0
0
0
0
0
0
0
0
0
0
0
0
0
0
0
0
0
