2863.549557
2863.549557
2863.549557
2863.549557
2863.549557
2863.549557
2863.549557
2867.798657
2867.798657
2867.798657
2867.798657
2867.798657
2867.798657
2867.798657
2867.798657
2867.798657
2867.798657
2867.798657
2867.798657
2867.798657
2867.798657
2867.798657
2867.798657
2867.798657
2867.798657
2867.798657
2867.798657
2867.798657
2867.798657
2867.798657
2867.798657
2867.798657
2873.583957
2876.986417
2876.986417
2880.960517
2883.809517
2883.809517
2883.809517
2883.809517
2883.809517
2883.809517
2883.809517
2883.809517
2883.809517
2883.809517
2883.809517
2883.809517
2883.809517
2883.809517
2883.81951265
2883.83780865
2883.83780865
2890.29660865
2890.29660865
2896.62921346
2896.62921346
2896.62921346
2896.62921346
2896.62921346
2896.62921346
2896.62921346
2896.62921346
2896.62921346
2902.73575556
2903.14375556
2903.14375556
2903.14375556
2904.16993872
2904.16993872
2904.16993872
2904.16993872
2904.16993872
2904.16993872
2904.38327872
2905.01830872
2905.01830872
2905.01830872
2905.01830872
2905.01830872
2905.01830872
2905.01830872
2905.01830872
2905.01830872
2911.44160872
2911.44160872
2911.44160872
2911.44160872
2911.44160872
2911.44160872
2926.25190872
2926.25190872
2926.25190872
2926.25190872
2926.25190872
2926.25190872
2926.25190872
2927.91860872
2934.9021532
2934.9021532
2934.9021532
2934.9021532
2934.9021532
2934.9021532
2934.9021532
2934.9021532
2934.9021532
2941.031483
2944.406683
2944.517183
2944.517183
2944.517183
2944.517183
2949.584883
2949.584883
2956.945083
2956.945083
2956.945083
2956.945083
2956.945083
2956.945083
2957.568483
2957.568483
2957.568483
2957.568483
2957.568483
2964.11759929
2971.46785911
2976.21391397
2976.21391397
2976.21391397
2976.21391397
2976.21391397
2977.69005844
2987.73957044
2987.73957044
2987.73957044
2987.73957044
2987.73957044
2987.73957044
2987.73957044
2995.32953079
2995.78796147
2996.47177044
2998.66617044
2998.66617044
2998.66617044
2998.66617044
2998.66617044
2998.66617044
2998.66617044
2998.66617044
2998.85017044
2999.11017044
2999.11017044
3000.85177044
3019.20587044
3019.20587044
3019.20587044
3024.29767044
3024.29767044
3024.29767044
3024.29767044
3026.77357044
3026.77357044
3026.77357044
3026.77357044
3026.77357044
3026.77357044
3026.77357044
3026.77357044
3026.77357044
3026.77357044
3026.77357044
3029.54667044
3029.54667044
3048.42427044
3048.42427044
3048.42427044
3048.42427044
3057.14087044
3057.14087044
3057.14087044
3057.14087044
3057.14087044
3057.14087044
3057.14087044
3058.61327044
3058.61327044
3058.61327044
3058.61327044
3058.61327044
3058.61327044
3058.61327044
3075.84017044
3075.84017044
3075.84017044
3078.29853079
3082.41013079
3090.93398632
3090.93398632
3090.93398632
3090.93398632
3090.93398632
3100.80671632
3100.80671632
3100.80671632
3100.80671632
3100.80671632
3100.80671632
3116.90251632
3116.90251632
3116.90251632
3121.94255635
3121.94255635
3121.94255635
3121.94255635
3133.084796
3133.084796
3133.084796
3133.084796
3133.084796
3133.084796
3133.084796
3133.084796
3133.084796
3133.084796
3133.084796
3133.084796
3138.524696
3140.049096
3140.049096
3140.049096
3140.049096
3168.41463
3168.41463
3168.41463
3168.41463
3168.41463
3179.47263
3179.47263
3179.47263
3179.47263
3179.47263
3179.47263
3179.47263
3179.47263
3179.47263
3179.47263
3179.47263
3179.47263
3179.47263
3179.47263
3179.47263
3179.47263
3179.47263
3179.47263
3179.47263
3179.47263
3179.47263
3179.47263
3179.47263
3181.72173
3181.72173
3181.72173
3181.72173
3181.72173
3181.72173
3181.72173
3181.72173
3181.72173
3181.72173
3181.72173
3181.72173
3181.72173
3181.72173
3181.72173
3181.72173
3181.72173
3181.72173
3181.72173
3181.72173
3181.72173
3181.72173
3181.72173
3181.72173
3181.72173
3181.72173
3181.72173
3181.72173
3181.72173
3181.72173
3181.72173
3181.72173
3181.72173
3181.72173
3181.72173
3181.72173
3181.72173
3181.72173
3181.72173
3181.72173
3181.72173
3181.72173
3181.72173
3181.72173
3181.72173
3181.72173
3181.72173
3181.72173
3181.72173
3181.72173
3181.72173
3181.72173
3181.72173
3181.72173
3181.72173
3181.72173
3181.72173
3181.72173
3181.72173
3181.72173
3181.72173
3181.72173
3181.72173
3181.72173
3181.72173
3181.72173
3181.72173
3181.72173
3181.72173
3181.72173
3181.72173
3181.72173
3181.72173
3181.72173
3181.72173
3181.72173
3181.72173
3181.72173
3181.72173
3181.72173
3181.72173
3181.72173
3181.72173
3181.72173
3181.72173
3181.72173
3181.72173
3181.72173
3181.72173
3181.72173
3181.72173
3181.72173
3181.72173
3181.72173
3181.72173
3181.72173
3181.72173
3181.72173
