-3.18172173
-3.18172173
-3.18172173
-3.18172173
-3.18172173
-3.18172173
-3.18172173
-3.18172173
-3.18172173
-3.17624073
-3.17624073
-3.17624073
-3.17624073
-3.17624073
-3.17624073
-3.17624073
-3.17410733
-3.17410733
-3.17410733
-3.17410733
-3.17410733
-3.17410733
-3.17410733
-3.15429433
-3.15429433
-3.15429433
-3.08214233
-3.08214233
-3.03864689827
-3.03864689831
-3.01943773
-3.01943773
-3.01943773
-3.01943773
-2.98457010321
-2.98457010321
-2.98457010321
-2.98457010321
-2.98457010321
-2.98457010321
-2.98457010321
-2.98457010321
-2.98457010321
-2.98457010321
-2.98301965489
-2.98301965489
-2.98301965489
-2.95452965489
-2.95452965489
-2.95452965489
-2.95452965489
-2.95452965489
-2.95452965489
-2.95452965489
-2.95452965489
-2.95452965489
-2.95452965489
-2.89548165489
-2.89548165489
-2.89548165489
-2.89548165489
-2.89548165489
-2.89548165489
-2.89548165489
-2.86933265489
-2.75954265489
-2.75954265489
-2.65919865489
-2.65919865489
-2.65919865489
-2.65919865489
-2.61394973
-2.61394973
-2.56379973
-2.50957272999
-2.50957272999
-2.49411572999
-2.49411572999
-2.49411572999
-2.49411572999
-2.49411572999
-2.49411572999
-2.49411572999
-2.49411572999
-2.49411572999
-2.49411572999
-2.45437472999
-2.45437472999
-2.45437472999
-2.45437472999
-2.45437472999
-2.45437472999
-2.45437472999
-2.36234072999
-2.36234072999
-2.36234072999
-2.36234072999
-2.36234072999
-2.36234072999
-2.36234072999
-2.36234072999
-2.36234072999
-2.35074272999
-2.35074272999
-2.35074272999
-2.31985172999
-2.31985172999
-2.31985172999
-2.26562472999
-2.19198538999
-2.19198538999
-2.19198538999
-2.19198538999
-2.19198538999
-2.19198538999
-2.19198538999
-2.19198538999
-2.19198538999
-2.19198538999
-2.14420338999
-2.07972138999
-1.93394839
-1.93394839
-1.93394839
-1.93376543
-1.93376543
-1.86816143
-1.86816143
-1.86354353
-1.86354353
-1.86354353
-1.86354353
-1.84924353
-1.82370253
-1.75182353
-1.75182353
-1.75182353
-1.75182353
-1.75182353
-1.75182353
-1.75182353
-1.75182353
-1.75182353
-1.75182353
-1.72238053
-1.72238053
-1.72238053
-1.72238053
-1.35220053
-1.35220053
-1.35220053
-1.22113453
-1.22113453
-1.22113453
-1.22113453
-1.15559353
-1.14024053
-1.14024053
-1.11058053
-1.11058053
-1.11058053
-1.11058053
-1.11058053
-1.11058053
-1.11058053
-1.11058053
-1.11058053
-1.11058053
-1.11058053
-1.07572253
-1.07572253
-1.07572253
-1.02744253
-1.02744253
-0.98323053
-0.98323053
-0.98323053
-0.98323053
-0.98323053
-0.98323053
-0.98323053
-0.98323053
-0.98323053
-0.98323053
-0.98323053
-0.98323053
-0.98323053
-0.98323053
-0.75833353
-0.75833353
-0.75833353
-0.75833353
-0.75833353
-0.75833353
-0.75833353
-0.75833353
-0.75833353
-0.69473473
-0.65200163
-0.65200163
-0.65200163
-0.65200163
-0.65200163
-0.55373133
-0.41321133
-0.41321133
-0.41321133
-0.41321133
-0.41321133
-0.41321133
-0.41321133
-0.41321133
-0.30648221
-0.30648221
-0.30648221
-0.30648221
-0.30648221
-0.30648221
-0.30648221
-0.30648221
-0.30648221
-0.30648221
-0.30648221
-0.2
-0.2
-0.2
-0.2
-0.2
-0.2
-0.2
-0.2
-0.2
-0.2
-0.2
-0.2
-0.2
-0.2
-0.2
-0.2
-0.2
-0.2
-0.2
-0.2
-0.2
-0.2
-0.2
-0.2
-0.150677
-0.150677
-0.150677
0
0
0
0
0
0
0
0
0
0
0
0
0
0
0
0
0
0
0
0
0
0
0
0
0
0
0
0
0
0
0
0
0
0
0
0
0
0
0
0
0
0
0
0
0
0
0
0
0
0
0
0
0
0
0
0
0
0
0
0
0
0
0
0
0
0
0
0
0
0
0
0
0
0
0
0
0
0
0
0
0
0
0
0
0
0
0
0
0
0
0
0
0
0
0
0
0
0
0
0
0
0
0
0
0
0
0
0
0
0
