-3.18172173
-3.18172173
-3.18172173
-3.18172173
-3.18172173
-3.18172173
-3.18172173
-3.18172173
-3.17958833
-3.17958833
-3.17958833
-3.17958833
-3.17958833
-3.17958833
-3.17958833
-3.17958833
-3.17958833
-3.17958833
-3.17958833
-3.17958833
-3.17958833
-3.17958833
-3.17958833
-3.17958833
-3.17958833
-3.17958833
-3.17958833
-3.17958833
-3.17958833
-3.17958833
-3.17958833
-3.17958833
-3.17958833
-3.17410733
-3.17410733
-3.17410733
-3.17410733
-3.17410733
-3.08853433
-3.08853433
-3.08853433
-3.08853433
-3.08853433
-3.08853433
-3.08853433
-3.08853433
-3.04879333
-3.04879333
-3.04879333
-3.04879333
-3.04879333
-3.04879333
-3.04879333
-3.04879333
-3.04879333
-3.04879333
-3.04879333
-3.04879333
-3.04829821
-3.04829821
-3.01885521
-3.01885521
-3.01885521
-3.01885521
-3.01885521
-3.01885521
-2.99896921
-2.99896921
-2.99896921
-2.99896921
-2.99896921
-2.94681621
-2.89179021
-2.89179021
-2.89179021
-2.89179021
-2.89179021
-2.89179021
-2.87701921
-2.87701921
-2.87701921
-2.87701921
-2.87701921
-2.8643538926
-2.8643538926
-2.8643538926
-2.6948928926
-2.6948928926
-2.5129508926
-2.47926821
-2.47926821
-2.42835021
-2.42835021
-2.42835021
-2.42835021
-2.42835021
-2.42835021
-2.42835021
-2.42835021
-2.39537821
-2.39537821
-2.39537821
-2.39537821
-2.37749721
-2.37749721
-2.37749721
-2.37749721
-2.37749721
-2.37749721
-2.37749721
-2.37749721
-2.35945021
-2.35685021
-2.35685021
-2.35685021
-2.35061621
-2.35061621
-2.34653621
-2.34653621
-2.25963721
-2.25963721
-2.25963721
-2.23638521
-2.23638521
-2.23638521
-2.23638521
-2.23586487
-2.23586487
-2.09092387
-2.06130287
-2.06130287
-2.06073306991
-1.95263206991
-1.85969976991
-1.85969976991
-1.85969976991
-1.85969976991
-1.80547276991
-1.80547276991
-1.80547276991
-1.80547276991
-1.74068576991
-1.74068576991
-1.74068576991
-1.67564876991
-1.57564876991
-1.57564876991
-1.57564876991
-1.55547776991
-1.55547776991
-1.55547776991
-1.55547776991
-1.51589776991
-1.51589776991
-1.51589776991
-1.51589776991
-1.51589776991
-1.51589776991
-1.48311576991
-1.48311576991
-1.48311576991
-1.44936376991
-1.44936376991
-1.27147295991
-1.27147295991
-1.27147295991
-1.27147295991
-1.27147295991
-1.06299195991
-1.03565595991
-1.00044295991
-1.00044295991
-1.00044295991
-1.00044295991
-1.00044295991
-1.00044295991
-1.00044295991
-1.00044295991
-1.00044295991
-1.00044295991
-1.00044295991
-1.00044295991
-1.00044295991
-1.00044295991
-0.958305959907
-0.923342959907
-0.923342959907
-0.923342959907
-0.923342959907
-0.923342959907
-0.923342959907
-0.923342959907
-0.923342959907
-0.923342959907
-0.923342959907
-0.923342959907
-0.923342959907
-0.923342959907
-0.923342959907
-0.923342959907
-0.923342959907
-0.839472959907
-0.649920959907
-0.649920959907
-0.649920959907
-0.45497996
-0.45497996
-0.45497996
-0.45497996
-0.45497996
-0.41614896
-0.41614896
-0.41614896
-0.41614896
-0.41614896
-0.41614896
-0.41614896
-0.41614896
-0.41614896
-0.41614896
-0.41614896
-0.41614896
-0.41614896
-0.41614896
-0.41614896
-0.41614896
-0.41614896
-0.41614896
-0.41614896
-0.41614896
-0.41614896
-0.41614896
-0.41614896
-0.41614896
-0.41614896
-0.41614896
-0.41614896
-0.41614896
-0.41614896
-0.40001896
-0.40001896
-0.40001896
-0.40001896
-0.18725696
-0.18725696
-0.18725696
-0.18725696
-0.18725696
-0.18725696
-0.18725696
-0.18725696
-0.18725696
-0.18725696
-0.18725696
-0.18725696
-0.18725696
-0.18725696
-0.18725696
-0.18725696
-0.18725696
-0.18725696
-0.18725696
-0.18725696
-0.18725696
-0.18725696
-0.18725696
-0.16415096
-0.16415096
-0.16415096
-0.16415096
-0.16415096
-0.16415096
-0.16415096
-0.16415096
-0.16415096
-0.16415096
-0.16415096
-0.16415096
-0.16415096
-0.16415096
-0.16415096
-0.16415096
-0.16415096
0
0
0
0
0
0
0
0
0
0
0
0
0
0
0
0
0
0
0
0
0
0
0
0
0
0
0
0
0
0
0
0
0
0
0
0
0
0
0
0
0
0
0
0
0
0
0
0
0
0
0
0
0
0
0
0
0
0
0
0
0
0
0
0
0
0
0
0
0
0
0
0
0
0
0
0
0
