-31.6125304002
-31.6125304002
-31.5894383413
-31.5439747714
-31.2091781045
-31.2091566171
-30.8555541214
-30.8555541214
-30.8555541214
-30.8555541214
-30.855336924
-30.702909796
-30.702909796
-30.702909796
-30.702909796
-30.6706243776
-30.6706243776
-30.6694719352
-30.5607019352
-30.3339813094
-30.3339813094
-30.3014333061
-30.3014333061
-29.7316733061
-29.7316733061
-29.7316733061
-29.7316733061
-29.7316733061
-29.7316733061
-29.7316733061
-29.7316733061
-29.730736838
-29.730736838
-29.730736838
-29.730736838
-29.730736838
-29.730736838
-29.3977044265
-29.3977044265
-28.7772038405
-28.2279533125
-28.2279533125
-28.2279533125
-28.2279533125
-28.2279533125
-28.2279533125
-28.2279533125
-27.9803633125
-27.9803633125
-27.9803633125
-27.9803633125
-27.8657340956
-27.8607828956
-27.8607828956
-27.6905766065
-27.0665439967
-27.0665439967
-27.0665439967
-27.0665439967
-27.0665439967
-27.0665439967
-26.5419036647
-26.4039830779
-26.2599269007
-25.5599269007
-25.5599269007
-25.5599269007
-25.5599269007
-25.0394822593
-25.0394822593
-24.9846722593
-24.9846722593
-24.9846722593
-24.2846722593
-23.9325422593
-23.9325422593
-23.9325422593
-23.6941922593
-23.6941922593
-23.6941922593
-23.6941922593
-23.6941922593
-23.6941922593
-23.6941922593
-23.6941922593
-23.6941922593
-23.6941922593
-23.6941922593
-23.6941922593
-23.0475426593
-23.0475426593
-23.0475426593
-23.0475426593
-23.0475426593
-23.0475426593
-23.0475426593
-22.3915026593
-22.2055126593
-22.2055126593
-22.2055126593
-22.2055126593
-22.2055126593
-22.2055126593
-22.2055126593
-22.2055126593
-22.2055126593
-22.2055126593
-22.129373131
-22.129373131
-22.129373131
-22.129373131
-22.129373131
-22.129373131
-22.129373131
-22.088573131
-22.088573131
-22.088573131
-22.088573131
-22.088573131
-22.088573131
-21.388573131
-21.114292393
-21.114292393
-21.114292393
-21.114292393
-21.114292393
-20.258562393
-20.110852393
-18.710852393
-18.710852393
-18.710852393
-18.710852393
-18.710852393
-18.710852393
-18.710852393
-18.710852393
-18.710852393
-18.710852393
-17.735272393
-17.458179351
-17.458179351
-16.880189351
-16.880189351
-16.880189351
-16.880189351
-16.880189351
-16.880189351
-16.880189351
-16.880189351
-16.880189351
-15.959849351
-15.959849351
-15.959849351
-15.959849351
-14.437599351
-14.437599351
-14.437599351
-14.437599351
-14.437599351
-14.437599351
-14.437599351
-12.840286351
-12.818952351
-12.620092351
-12.620092351
-12.620092351
-12.620092351
-12.620092351
-12.620092351
-12.620092351
-10.9039250567
-9.14170505672
-9.14170505672
-8.91064505672
-8.91064505672
-8.24378405672
-7.06144759745
-7.06144759745
-7.06144759745
-7.06144759745
-7.06144759745
-7.06144759745
-7.05044759745
-7.05044759745
-7.05044759745
-7.05044759745
-7.05044759745
-7.05044759745
-7.05044759745
-6.76683759745
-6.76683759745
-6.72287759745
-6.72287759745
-6.72287759745
-6.72287759745
-6.49035759745
-6.35610340005
-6.35610340005
-5.65610340005
-3.66172000005
-3.66172000005
-3.66172000005
-3.66172000005
-3.66172000005
-3.66172000005
-3.60711100005
-3.60711100005
-3.60711100005
-3.60711100005
-3.60711100005
-3.60711100005
-3.60711100005
-3.60711100005
-3.60711100005
-3.60711100005
-3.60711100005
-3.60711100005
-3.60711100005
-3.60711100005
-3.06825000005
-1.66825000005
-1.66825000005
-1.66825000005
-1.66825000005
-1.66825000005
-1.66825000005
-1.66825000005
-1.66825000005
-1.66825000005
-1.66825000005
-1.66825000005
-1.66825000005
-1.34043000005
-1.34043000005
-1.34043000005
-1.34043000005
-1.34043000005
-1.34043000005
0
0
0
0
0
0
0
0
0
0
0
0
0
0
0
0
0
0
0
0
0
0
0
0
0
0
0
0
0
0
0
0
0
0
0
0
0
0
0
0
0
0
0
0
0
0
0
0
0
0
0
0
0
0
0
0
0
0
0
0
0
0
0
0
0
0
0
0
0
0
0
0
0
0
0
0
0
0
0
0
0
0
0
0
0
0
0
0
0
0
0
0
0
0
0
0
0
0
0
0
0
0
0
0
0
0
0
0
0
0
0
0
0
0
0
0
0
0
0
0
0
0
