2863.549557
2863.549557
2863.549557
2863.549557
2863.549557
2863.549557
2863.549557
2863.549557
2863.549557
2863.549557
2863.549557
2863.549557
2867.798657
2867.798657
2867.798657
2867.798657
2867.798657
2868.011997
2868.011997
2868.011997
2868.011997
2868.011997
2868.011997
2868.011997
2868.011997
2868.011997
2872.320197
2872.320197
2872.320197
2872.320197
2872.320197
2872.320197
2872.320197
2872.320197
2879.680397
2879.680397
2879.680397
2879.680397
2879.680397
2879.680397
2879.680397
2879.680397
2879.680397
2879.680397
2879.680397
2879.680397
2879.680397
2879.680397
2879.680397
2880.70546614
2880.70546614
2886.03886614
2886.03886614
2886.03886614
2891.81636614
2891.81636614
2891.81636614
2891.81636614
2891.81636614
2891.81636614
2891.81636614
2891.81636614
2891.81636614
2891.81636614
2891.81636614
2894.12966614
2899.89236614
2899.89236614
2899.89236614
2899.89236614
2899.89236614
2899.89236614
2899.89236614
2899.89236614
2899.89236614
2902.791057
2902.791057
2902.791057
2902.791057
2902.791057
2902.791057
2902.791057
2902.791057
2902.791057
2902.791057
2902.791057
2908.213757
2908.213757
2908.213757
2914.657847
2914.657847
2914.657847
2914.657847
2914.657847
2914.657847
2914.657847
2914.657847
2914.657847
2914.657847
2916.022547
2916.022547
2916.022547
2916.022547
2916.022547
2916.022547
2916.022547
2922.962347
2922.962347
2922.962347
2940.968457
2950.968457
2953.444357
2953.444357
2953.444357
2958.961247
2958.961247
2958.961247
2958.961247
2958.961247
2958.961247
2971.927247
2971.927247
2971.927247
2971.927247
2971.927247
2971.927247
2971.927247
2971.927247
2971.927247
2971.927247
2971.927247
2971.927247
2971.927247
2975.768547
2975.768547
2975.768547
2975.768547
2975.768547
2975.768547
2975.768547
2975.768547
2975.768547
2975.768547
2975.768547
2975.768547
2975.768547
2976.028547
2976.028547
2976.028547
2976.028547
2976.028547
2976.028547
2991.120347
2991.120347
2991.120347
2991.120347
3000.199047
3002.216147
3002.216147
3002.216147
3022.789668
3033.337768
3033.337768
3033.337768
3033.337768
3033.337768
3058.973768
3058.973768
3063.093468
3063.093468
3063.093468
3063.093468
3063.093468
3063.093468
3063.093468
3063.962268
3063.962268
3063.962268
3087.570648
3087.570648
3087.570648
3087.570648
3087.570648
3087.570648
3087.570648
3087.570648
3087.570648
3087.570648
3087.570648
3094.12386
3094.12386
3094.12386
3094.12386
3094.12386
3094.12386
3094.12386
3094.12386
3094.53186
3094.53186
3101.73759
3101.73759
3101.73759
3101.73759
3108.0265
3108.0265
3131.004296
3131.004296
3131.004296
3133.737896
3133.737896
3133.737896
3133.737896
3151.932096
3151.932096
3151.932096
3151.932096
3151.932096
3151.932096
3151.932096
3151.932096
3151.932096
3151.932096
3158.492496
3158.492496
3158.492496
3158.492496
3181.72173
3181.72173
3181.72173
3181.72173
3181.72173
3181.72173
3181.72173
3181.72173
3181.72173
3181.72173
3181.72173
3181.72173
3181.72173
3181.72173
3181.72173
3181.72173
3181.72173
3181.72173
3181.72173
3181.72173
3181.72173
3181.72173
3181.72173
3181.72173
3181.72173
3181.72173
3181.72173
3181.72173
3181.72173
3181.72173
3181.72173
3181.72173
3181.72173
3181.72173
3181.72173
3181.72173
3181.72173
3181.72173
3181.72173
3181.72173
3181.72173
3181.72173
3181.72173
3181.72173
3181.72173
3181.72173
3181.72173
3181.72173
3181.72173
3181.72173
3181.72173
3181.72173
3181.72173
3181.72173
3181.72173
3181.72173
3181.72173
3181.72173
3181.72173
3181.72173
3181.72173
3181.72173
3181.72173
3181.72173
3181.72173
3181.72173
3181.72173
3181.72173
3181.72173
3181.72173
3181.72173
3181.72173
3181.72173
3181.72173
3181.72173
3181.72173
3181.72173
3181.72173
3181.72173
3181.72173
3181.72173
3181.72173
3181.72173
3181.72173
3181.72173
3181.72173
3181.72173
3181.72173
3181.72173
3181.72173
3181.72173
3181.72173
3181.72173
3181.72173
3181.72173
3181.72173
3181.72173
3181.72173
3181.72173
3181.72173
3181.72173
3181.72173
3181.72173
3181.72173
3181.72173
3181.72173
3181.72173
3181.72173
3181.72173
3181.72173
3181.72173
3181.72173
3181.72173
3181.72173
3181.72173
3181.72173
3181.72173
3181.72173
3181.72173
3181.72173
3181.72173
3181.72173
3181.72173
3181.72173
3181.72173
3181.72173
3181.72173
3181.72173
3181.72173
3181.72173
3181.72173
3181.72173
3181.72173
3181.72173
