0.0
0.0
42.491
42.491
42.491
42.491
42.491
42.491
42.491
42.491
42.491
42.491
42.491
42.491
42.491
42.491
42.491
42.491
42.491
42.491
42.491
42.491
42.491
42.491
42.491
42.491
42.491
42.491
42.491
42.491
42.491
42.491
42.491
42.491
42.491
42.491
42.491
42.491
42.491
42.491
42.491
42.491
42.491
42.491
42.491
100.344
100.344
100.344
100.344
100.344
100.344
100.344
100.344
100.344
100.344
100.344
100.344
100.344
100.344
100.344
100.344
100.344
100.344
122.429
122.429
122.429
122.429
122.429
145.681
145.681
145.681
145.681
145.681
145.681
145.681
145.681
145.681
145.681
181.327
181.327
181.327
181.327
181.327
181.327
181.327
181.327
181.327
181.327
217.7353
219.8687
219.8687
219.8687
219.8687
219.8687
219.8687
219.8687
219.8687
219.8687
219.8687
219.8687
219.8687
219.8687
219.8687
274.2677
327.2207
327.2207
327.2207
327.2207
327.2207
327.2207
327.2207
327.2207
327.2207
327.2207
327.2207
327.2207
327.2207
327.2207
327.2207
327.2207
327.2207
327.2207
327.2207
327.2207
689.96551
689.96551
728.79651
728.79651
758.08151
758.08151
758.08151
840.02351
924.38551
924.38551
924.38551
924.38551
1084.83151
1084.83151
1084.83151
1084.83151
1084.83151
1084.83151
1084.83151
1084.83151
1084.83151
1084.83151
1084.83151
1170.96251
1170.96251
1170.96251
1170.96251
1170.96251
1170.96251
1170.96251
1170.96251
1170.96251
1170.96251
1170.96251
1341.71451
1341.71451
1341.71451
1341.71451
1341.71451
1341.71451
1341.71451
1341.71451
1347.17541
1347.17541
1347.17541
1407.36441
1407.36441
1407.36441
1407.36441
1407.36441
1407.36441
1407.36441
1407.36441
1407.36441
1407.36441
1412.84541
1412.84541
1412.84541
1412.84541
1412.84541
1412.84541
1412.84541
1437.22141
1483.94541
1575.69841
1575.69841
1575.69841
1575.69841
1575.69841
1575.69841
1895.41853
2106.38753
2106.38753
2106.38753
2106.38753
2164.01453
2164.01453
2164.01453
2164.01453
2164.01453
2164.01453
2378.14953
2378.14953
2378.14953
2378.14953
2378.14953
2378.14953
2402.94953
2402.94953
2658.59433
2658.59433
2658.59433
2658.59433
2658.59433
2658.59433
2658.59433
2658.59433
2658.59433
2903.13667
2903.13667
2903.13667
2903.13667
2903.13667
2903.13667
2903.13667
2903.13667
2903.13667
2903.13667
2903.13667
2903.13667
2903.13667
2903.13667
2903.13667
2903.13667
2903.13667
2903.13667
2903.13667
2903.13667
2903.13667
2903.13667
2903.13667
2903.13667
2903.13667
2903.13667
2903.13667
2903.13667
2903.13667
2903.13667
2903.13667
2903.13667
2903.13667
2903.13667
2903.13667
2903.13667
2903.13667
2903.13667
2903.13667
2903.13667
2903.13667
2903.13667
2903.13667
2903.13667
2903.13667
2903.13667
2903.13667
2903.13667
2903.13667
2932.50267
3181.72173
3181.72173
3181.72173
3181.72173
3181.72173
3181.72173
3181.72173
3181.72173
3181.72173
3181.72173
3181.72173
3181.72173
3181.72173
3181.72173
3181.72173
3181.72173
3181.72173
3181.72173
3181.72173
3181.72173
3181.72173
3181.72173
3181.72173
3181.72173
3181.72173
3181.72173
3181.72173
3181.72173
3181.72173
3181.72173
3181.72173
3181.72173
3181.72173
3181.72173
3181.72173
3181.72173
3181.72173
3181.72173
3181.72173
3181.72173
3181.72173
3181.72173
3181.72173
3181.72173
3181.72173
3181.72173
3181.72173
3181.72173
3181.72173
3181.72173
3181.72173
3181.72173
3181.72173
3181.72173
3181.72173
3181.72173
3181.72173
3181.72173
3181.72173
3181.72173
3181.72173
3181.72173
3181.72173
3181.72173
3181.72173
3181.72173
3181.72173
3181.72173
3181.72173
3181.72173
3181.72173
3181.72173
3181.72173
3181.72173
3181.72173
3181.72173
3181.72173
3181.72173
3181.72173
3181.72173
3181.72173
3181.72173
3181.72173
3181.72173
3181.72173
3181.72173
3181.72173
3181.72173
