20.4686899785
20.4686899785
22.7778958734
27.3242528607
60.8039195522
60.8060682882
96.1663178592
96.1663178592
96.1663178592
96.1663178592
96.1880376024
111.430750396
111.430750396
111.430750396
111.430750396
114.659292244
114.659292244
114.774536477
125.651536477
148.323599061
148.323599061
151.578399391
151.578399391
208.554399391
208.554399391
208.554399391
208.554399391
208.554399391
208.554399391
208.554399391
208.554399391
208.648046198
208.648046198
208.648046198
208.648046198
208.648046198
208.648046198
241.951287347
241.951287347
304.001345949
358.926398754
358.926398754
358.926398754
358.926398754
358.926398754
358.926398754
358.926398754
383.685398754
383.685398754
383.685398754
383.685398754
395.148320444
395.643440444
395.643440444
412.66406935
475.067330334
475.067330334
475.067330334
475.067330334
475.067330334
475.067330334
527.531363529
541.323422206
555.729039927
625.729039927
625.729039927
625.729039927
625.729039927
677.773504073
677.773504073
683.254504073
683.254504073
683.254504073
753.254504073
788.467504073
788.467504073
788.467504073
812.302504073
812.302504073
812.302504073
812.302504073
812.302504073
812.302504073
812.302504073
812.302504073
812.302504073
812.302504073
812.302504073
812.302504073
876.967464073
876.967464073
876.967464073
876.967464073
876.967464073
876.967464073
876.967464073
942.571464073
961.170464073
961.170464073
961.170464073
961.170464073
961.170464073
961.170464073
961.170464073
961.170464073
961.170464073
961.170464073
968.784416904
968.784416904
968.784416904
968.784416904
968.784416904
968.784416904
968.784416904
972.864416904
972.864416904
972.864416904
972.864416904
972.864416904
972.864416904
1042.8644169
1070.2924907
1070.2924907
1070.2924907
1070.2924907
1070.2924907
1155.8654907
1170.6364907
1310.6364907
1310.6364907
1310.6364907
1310.6364907
1310.6364907
1310.6364907
1310.6364907
1310.6364907
1310.6364907
1310.6364907
1408.1944907
1435.9037949
1435.9037949
1493.7027949
1493.7027949
1493.7027949
1493.7027949
1493.7027949
1493.7027949
1493.7027949
1493.7027949
1493.7027949
1585.7367949
1585.7367949
1585.7367949
1585.7367949
1737.9617949
1737.9617949
1737.9617949
1737.9617949
1737.9617949
1737.9617949
1737.9617949
1897.6930949
1899.8264949
1919.7124949
1919.7124949
1919.7124949
1919.7124949
1919.7124949
1919.7124949
1919.7124949
2091.32922433
2267.55122433
2267.55122433
2290.65722433
2290.65722433
2357.34332433
2475.57697025
2475.57697025
2475.57697025
2475.57697025
2475.57697025
2475.57697025
2476.67697025
2476.67697025
2476.67697025
2476.67697025
2476.67697025
2476.67697025
2476.67697025
2505.03797025
2505.03797025
2509.43397025
2509.43397025
2509.43397025
2509.43397025
2532.68597025
2546.11138999
2546.11138999
2616.11138999
2815.54972999
2815.54972999
2815.54972999
2815.54972999
2815.54972999
2815.54972999
2821.01062999
2821.01062999
2821.01062999
2821.01062999
2821.01062999
2821.01062999
2821.01062999
2821.01062999
2821.01062999
2821.01062999
2821.01062999
2821.01062999
2821.01062999
2821.01062999
2874.89672999
3014.89672999
3014.89672999
3014.89672999
3014.89672999
3014.89672999
3014.89672999
3014.89672999
3014.89672999
3014.89672999
3014.89672999
3014.89672999
3014.89672999
3047.67872999
3047.67872999
3047.67872999
3047.67872999
3047.67872999
3047.67872999
3181.72173
3181.72173
3181.72173
3181.72173
3181.72173
3181.72173
3181.72173
3181.72173
3181.72173
3181.72173
3181.72173
3181.72173
3181.72173
3181.72173
3181.72173
3181.72173
3181.72173
3181.72173
3181.72173
3181.72173
3181.72173
3181.72173
3181.72173
3181.72173
3181.72173
3181.72173
3181.72173
3181.72173
3181.72173
3181.72173
3181.72173
3181.72173
3181.72173
3181.72173
3181.72173
3181.72173
3181.72173
3181.72173
3181.72173
3181.72173
3181.72173
3181.72173
3181.72173
3181.72173
3181.72173
3181.72173
3181.72173
3181.72173
3181.72173
3181.72173
3181.72173
3181.72173
3181.72173
3181.72173
3181.72173
3181.72173
3181.72173
3181.72173
3181.72173
3181.72173
3181.72173
3181.72173
3181.72173
3181.72173
3181.72173
3181.72173
3181.72173
3181.72173
3181.72173
3181.72173
3181.72173
3181.72173
3181.72173
3181.72173
3181.72173
3181.72173
3181.72173
3181.72173
3181.72173
3181.72173
3181.72173
3181.72173
3181.72173
3181.72173
3181.72173
3181.72173
3181.72173
3181.72173
3181.72173
3181.72173
3181.72173
3181.72173
3181.72173
3181.72173
3181.72173
3181.72173
3181.72173
3181.72173
3181.72173
3181.72173
3181.72173
3181.72173
3181.72173
3181.72173
3181.72173
3181.72173
3181.72173
3181.72173
3181.72173
3181.72173
3181.72173
3181.72173
3181.72173
3181.72173
3181.72173
3181.72173
3181.72173
3181.72173
3181.72173
3181.72173
3181.72173
3181.72173
