2863.549557
2863.549557
2863.549557
2863.549557
2863.549557
2863.549557
2863.549557
2863.549557
2863.762897
2863.762897
2863.762897
2863.762897
2863.762897
2863.762897
2863.762897
2863.762897
2863.762897
2863.762897
2863.762897
2863.762897
2863.762897
2863.762897
2863.762897
2863.762897
2863.762897
2863.762897
2863.762897
2863.762897
2863.762897
2863.762897
2863.762897
2863.762897
2863.762897
2864.310997
2864.310997
2864.310997
2864.310997
2864.310997
2872.868297
2872.868297
2872.868297
2872.868297
2872.868297
2872.868297
2872.868297
2872.868297
2876.842397
2876.842397
2876.842397
2876.842397
2876.842397
2876.842397
2876.842397
2876.842397
2876.842397
2876.842397
2876.842397
2876.842397
2876.891909
2876.891909
2879.836209
2879.836209
2879.836209
2879.836209
2879.836209
2879.836209
2881.824809
2881.824809
2881.824809
2881.824809
2881.824809
2887.040109
2892.542709
2892.542709
2892.542709
2892.542709
2892.542709
2892.542709
2894.019809
2894.019809
2894.019809
2894.019809
2894.019809
2895.28634074
2895.28634074
2895.28634074
2912.23244074
2912.23244074
2930.42664074
2933.794909
2933.794909
2938.886709
2938.886709
2938.886709
2938.886709
2938.886709
2938.886709
2938.886709
2938.886709
2942.183909
2942.183909
2942.183909
2942.183909
2943.972009
2943.972009
2943.972009
2943.972009
2943.972009
2943.972009
2943.972009
2943.972009
2945.776709
2946.036709
2946.036709
2946.036709
2946.660109
2946.660109
2947.068109
2947.068109
2955.758009
2955.758009
2955.758009
2958.083209
2958.083209
2958.083209
2958.083209
2958.135243
2958.135243
2972.629343
2975.591443
2975.591443
2975.64842301
2986.45852301
2995.75175301
2995.75175301
2995.75175301
2995.75175301
3001.17445301
3001.17445301
3001.17445301
3001.17445301
3007.65315301
3007.65315301
3007.65315301
3014.15685301
3024.15685301
3024.15685301
3024.15685301
3026.17395301
3026.17395301
3026.17395301
3026.17395301
3030.13195301
3030.13195301
3030.13195301
3030.13195301
3030.13195301
3030.13195301
3033.41015301
3033.41015301
3033.41015301
3036.78535301
3036.78535301
3054.57443401
3054.57443401
3054.57443401
3054.57443401
3054.57443401
3075.42253401
3078.15613401
3081.67743401
3081.67743401
3081.67743401
3081.67743401
3081.67743401
3081.67743401
3081.67743401
3081.67743401
3081.67743401
3081.67743401
3081.67743401
3081.67743401
3081.67743401
3081.67743401
3085.89113401
3089.38743401
3089.38743401
3089.38743401
3089.38743401
3089.38743401
3089.38743401
3089.38743401
3089.38743401
3089.38743401
3089.38743401
3089.38743401
3089.38743401
3089.38743401
3089.38743401
3089.38743401
3089.38743401
3097.77443401
3116.72963401
3116.72963401
3116.72963401
3136.223734
3136.223734
3136.223734
3136.223734
3136.223734
3140.106834
3140.106834
3140.106834
3140.106834
3140.106834
3140.106834
3140.106834
3140.106834
3140.106834
3140.106834
3140.106834
3140.106834
3140.106834
3140.106834
3140.106834
3140.106834
3140.106834
3140.106834
3140.106834
3140.106834
3140.106834
3140.106834
3140.106834
3140.106834
3140.106834
3140.106834
3140.106834
3140.106834
3140.106834
3141.719834
3141.719834
3141.719834
3141.719834
3162.996034
3162.996034
3162.996034
3162.996034
3162.996034
3162.996034
3162.996034
3162.996034
3162.996034
3162.996034
3162.996034
3162.996034
3162.996034
3162.996034
3162.996034
3162.996034
3162.996034
3162.996034
3162.996034
3162.996034
3162.996034
3162.996034
3162.996034
3165.306634
3165.306634
3165.306634
3165.306634
3165.306634
3165.306634
3165.306634
3165.306634
3165.306634
3165.306634
3165.306634
3165.306634
3165.306634
3165.306634
3165.306634
3165.306634
3165.306634
3181.72173
3181.72173
3181.72173
3181.72173
3181.72173
3181.72173
3181.72173
3181.72173
3181.72173
3181.72173
3181.72173
3181.72173
3181.72173
3181.72173
3181.72173
3181.72173
3181.72173
3181.72173
3181.72173
3181.72173
3181.72173
3181.72173
3181.72173
3181.72173
3181.72173
3181.72173
3181.72173
3181.72173
3181.72173
3181.72173
3181.72173
3181.72173
3181.72173
3181.72173
3181.72173
3181.72173
3181.72173
3181.72173
3181.72173
3181.72173
3181.72173
3181.72173
3181.72173
3181.72173
3181.72173
3181.72173
3181.72173
3181.72173
3181.72173
3181.72173
3181.72173
3181.72173
3181.72173
3181.72173
3181.72173
3181.72173
3181.72173
3181.72173
3181.72173
3181.72173
3181.72173
3181.72173
3181.72173
3181.72173
3181.72173
3181.72173
3181.72173
3181.72173
3181.72173
3181.72173
3181.72173
3181.72173
3181.72173
3181.72173
3181.72173
3181.72173
3181.72173
