-3.18172173
-3.18172173
-3.18172173
-3.18172173
-3.18172173
-3.18172173
-3.18172173
-3.13923073
-3.13923073
-3.13923073
-3.13923073
-3.13923073
-3.13923073
-3.13923073
-3.13923073
-3.13923073
-3.13923073
-3.13923073
-3.13923073
-3.13923073
-3.13923073
-3.13923073
-3.13923073
-3.13923073
-3.13923073
-3.13923073
-3.13923073
-3.13923073
-3.13923073
-3.13923073
-3.13923073
-3.13923073
-3.08137773
-3.04735313
-3.04735313
-3.00761213
-2.97912213
-2.97912213
-2.97912213
-2.97912213
-2.97912213
-2.97912213
-2.97912213
-2.97912213
-2.97912213
-2.97912213
-2.97912213
-2.97912213
-2.97912213
-2.97912213
-2.97902217354
-2.97883921354
-2.97883921354
-2.91425121354
-2.91425121354
-2.8509251654
-2.8509251654
-2.8509251654
-2.8509251654
-2.8509251654
-2.8509251654
-2.8509251654
-2.8509251654
-2.8509251654
-2.78985974436
-2.78577974436
-2.78577974436
-2.78577974436
-2.77551791277
-2.77551791277
-2.77551791277
-2.77551791277
-2.77551791277
-2.77551791277
-2.77338451277
-2.76703421277
-2.76703421277
-2.76703421277
-2.76703421277
-2.76703421277
-2.76703421277
-2.76703421277
-2.76703421277
-2.76703421277
-2.70280121277
-2.70280121277
-2.70280121277
-2.70280121277
-2.70280121277
-2.70280121277
-2.55469821277
-2.55469821277
-2.55469821277
-2.55469821277
-2.55469821277
-2.55469821277
-2.55469821277
-2.53803121277
-2.46819576801
-2.46819576801
-2.46819576801
-2.46819576801
-2.46819576801
-2.46819576801
-2.46819576801
-2.46819576801
-2.46819576801
-2.40690247
-2.37315047
-2.37204547
-2.37204547
-2.37204547
-2.37204547
-2.32136847
-2.32136847
-2.24776647
-2.24776647
-2.24776647
-2.24776647
-2.24776647
-2.24776647
-2.24153247
-2.24153247
-2.24153247
-2.24153247
-2.24153247
-2.17604130709
-2.10253870894
-2.05507816034
-2.05507816034
-2.05507816034
-2.05507816034
-2.05507816034
-2.04031671558
-1.93982159558
-1.93982159558
-1.93982159558
-1.93982159558
-1.93982159558
-1.93982159558
-1.93982159558
-1.86392199206
-1.8593376853
-1.85249959558
-1.83055559558
-1.83055559558
-1.83055559558
-1.83055559558
-1.83055559558
-1.83055559558
-1.83055559558
-1.83055559558
-1.82871559558
-1.82611559558
-1.82611559558
-1.80869959558
-1.62515859558
-1.62515859558
-1.62515859558
-1.57424059558
-1.57424059558
-1.57424059558
-1.57424059558
-1.54948159558
-1.54948159558
-1.54948159558
-1.54948159558
-1.54948159558
-1.54948159558
-1.54948159558
-1.54948159558
-1.54948159558
-1.54948159558
-1.54948159558
-1.52175059558
-1.52175059558
-1.33297459558
-1.33297459558
-1.33297459558
-1.33297459558
-1.24580859558
-1.24580859558
-1.24580859558
-1.24580859558
-1.24580859558
-1.24580859558
-1.24580859558
-1.23108459558
-1.23108459558
-1.23108459558
-1.23108459558
-1.23108459558
-1.23108459558
-1.23108459558
-1.05881559558
-1.05881559558
-1.05881559558
-1.03423199206
-0.993115992059
-0.907877436817
-0.907877436817
-0.907877436817
-0.907877436817
-0.907877436817
-0.809150136817
-0.809150136817
-0.809150136817
-0.809150136817
-0.809150136817
-0.809150136817
-0.648192136817
-0.648192136817
-0.648192136817
-0.597791736481
-0.597791736481
-0.597791736481
-0.597791736481
-0.48636934
-0.48636934
-0.48636934
-0.48636934
-0.48636934
-0.48636934
-0.48636934
-0.48636934
-0.48636934
-0.48636934
-0.48636934
-0.48636934
-0.43197034
-0.41672634
-0.41672634
-0.41672634
-0.41672634
-0.133071
-0.133071
-0.133071
-0.133071
-0.133071
-0.022491
-0.022491
-0.022491
-0.022491
-0.022491
-0.022491
-0.022491
-0.022491
-0.022491
-0.022491
-0.022491
-0.022491
-0.022491
-0.022491
-0.022491
-0.022491
-0.022491
-0.022491
-0.022491
-0.022491
-0.022491
-0.022491
-0.022491
0
0
0
0
0
0
0
0
0
0
0
0
0
0
0
0
0
0
0
0
0
0
0
0
0
0
0
0
0
0
0
0
0
0
0
0
0
0
0
0
0
0
0
0
0
0
0
0
0
0
0
0
0
0
0
0
0
0
0
0
0
0
0
0
0
0
0
0
0
0
0
0
0
0
0
0
0
0
0
0
0
0
0
0
0
0
0
0
0
0
0
0
0
0
0
0
0
0
