20.3836842748
20.3836842748
61.2060877056
146.779087706
146.779087706
146.779087706
146.779087706
146.779087706
158.721087706
158.721087706
159.375265316
159.378859018
159.378859018
159.378859018
349.191859018
349.191859018
349.191859018
349.191859018
349.191859018
349.191859018
349.191859018
357.762685416
357.762685416
357.762685416
360.362685416
360.362685416
360.362685416
360.492933626
360.492933626
360.492933626
360.492933626
360.492933626
360.492933626
370.794641074
377.587658388
377.587658388
377.587658388
377.587658388
383.068658388
383.068658388
383.068658388
383.068658388
383.068658388
383.068658388
383.068658388
482.800681861
483.526169474
483.526169474
483.526169474
483.526169474
483.526169474
483.526169474
483.526169474
483.526169474
483.526169474
483.526169474
483.526169474
483.526169474
483.526169474
483.526169474
483.526169474
514.864367398
552.035532793
552.035532793
552.035532793
552.035532793
567.502050195
567.502050195
608.699050195
608.699050195
660.593755751
660.593755751
662.727155751
662.727155751
662.727155751
662.727155751
662.727155751
662.727155767
662.727155767
676.416155767
676.416155767
676.416155767
735.74218937
735.74218937
735.74218937
735.74218937
793.70218937
793.70218937
841.98218937
841.98218937
843.184111147
865.779167035
892.170373784
892.170373784
926.243278533
926.243278533
926.243278533
926.243278533
926.243278533
926.243278533
983.194278533
983.194278533
983.194278533
983.194278533
983.194278533
983.194278533
1017.16440596
1017.16440596
1017.16440596
1077.5673168
1077.5673168
1077.5673168
1077.5673168
1217.5673168
1315.5519749
1343.76776016
1343.76776016
1343.76776016
1343.76776016
1406.89165427
1406.89165427
1406.89165427
1406.89165427
1406.89165427
1457.80965427
1476.25697
1476.25697
1510.51165919
1510.64356919
1510.64356919
1510.64356919
1510.64356919
1510.64356919
1510.64356919
1510.64356919
1529.09097
1529.09097
1529.09097
1529.09097
1529.09097
1599.09097
1599.09097
1599.09097
1623.89097
1623.89097
1651.74731
1651.74731
1694.01131
1717.11731
1787.11731
1830.81249282
1830.81249282
1830.81249282
1830.81249282
1830.81249282
1830.81249282
1830.81249282
1830.81249282
1830.81249282
1830.81249282
1830.81249282
1830.81249282
1861.95349282
1861.95349282
1861.95349282
1861.95349282
1861.95349282
1861.95349282
1861.95349282
1861.95349282
1861.95349282
1881.80949282
1955.00831
1955.00831
1955.00831
1955.00831
1955.00831
1955.00831
2180.17361
2180.17361
2180.17361
2180.17361
2235.97261
2235.97261
2235.97261
2235.97261
2235.97261
2265.33861
2265.33861
2265.33861
2265.33861
2265.33861
2265.33861
2265.33861
2265.33861
2450.88161
2450.88161
2450.88161
2450.88161
2450.88161
2450.88161
2450.88161
2450.88161
2450.88161
2450.88161
2450.88161
2450.88161
2450.88161
2450.88161
2450.88161
2450.88161
2450.88161
2450.88161
2450.88161
2450.88161
2450.88161
2450.88161
2450.88161
2450.88161
2450.88161
2450.88161
2450.88161
2450.88161
2450.88161
2450.88161
2450.88161
2450.88161
2489.91961
2687.55461
2687.55461
2687.55461
2784.36161
2784.36161
2784.36161
2784.36161
2784.36161
2784.36161
2784.36161
2956.63661
3181.72173
3181.72173
3181.72173
3181.72173
3181.72173
3181.72173
3181.72173
3181.72173
3181.72173
3181.72173
3181.72173
3181.72173
3181.72173
3181.72173
3181.72173
3181.72173
3181.72173
3181.72173
3181.72173
3181.72173
3181.72173
3181.72173
3181.72173
3181.72173
3181.72173
3181.72173
3181.72173
3181.72173
3181.72173
3181.72173
3181.72173
3181.72173
3181.72173
3181.72173
3181.72173
3181.72173
3181.72173
3181.72173
3181.72173
3181.72173
3181.72173
3181.72173
3181.72173
3181.72173
3181.72173
3181.72173
3181.72173
3181.72173
3181.72173
3181.72173
3181.72173
3181.72173
3181.72173
3181.72173
3181.72173
3181.72173
3181.72173
3181.72173
3181.72173
3181.72173
3181.72173
3181.72173
3181.72173
3181.72173
3181.72173
3181.72173
3181.72173
3181.72173
3181.72173
3181.72173
3181.72173
3181.72173
3181.72173
3181.72173
3181.72173
3181.72173
3181.72173
3181.72173
3181.72173
3181.72173
3181.72173
3181.72173
3181.72173
3181.72173
3181.72173
3181.72173
3181.72173
3181.72173
3181.72173
3181.72173
3181.72173
3181.72173
3181.72173
3181.72173
3181.72173
3181.72173
3181.72173
3181.72173
3181.72173
3181.72173
3181.72173
3181.72173
3181.72173
3181.72173
3181.72173
3181.72173
3181.72173
3181.72173
3181.72173
3181.72173
3181.72173
3181.72173
3181.72173
3181.72173
3181.72173
3181.72173
3181.72173
3181.72173
3181.72173
3181.72173
3181.72173
