-3.18172173
-3.18172173
-3.18172173
-3.18172173
-3.18172173
-3.18172173
-3.18172173
-3.18172173
-3.18172173
-3.18172173
-3.18172173
-3.18172173
-3.18172173
-3.18172173
-3.16358032048
-3.16358032048
-3.16358032048
-3.11511373
-3.11511373
-3.11511373
-3.11511373
-3.11511373
-3.11511373
-3.11511373
-3.11511373
-3.11511373
-3.11511373
-3.11511373
-3.11511373
-3.11511373
-3.08567073
-3.08567073
-3.08567073
-3.08567073
-3.08567073
-3.08567073
-3.04317973
-3.04317973
-2.99539773
-2.99539773
-2.99539773
-2.99539773
-2.99391247298
-2.99391247298
-2.9937889047
-2.9937889047
-2.9937889047
-2.9937889047
-2.9937889047
-2.9937889047
-2.9937889047
-2.9937889047
-2.9937889047
-2.9937889047
-2.9937889047
-2.9937889047
-2.9937889047
-2.9507069047
-2.9507069047
-2.9507069047
-2.9507069047
-2.9259479047
-2.9259479047
-2.9259479047
-2.9259479047
-2.9259479047
-2.8869319047
-2.8592009047
-2.8592009047
-2.8592009047
-2.7592009047
-2.7592009047
-2.7592009047
-2.7592009047
-2.7592009047
-2.7578499047
-2.7578499047
-2.7578499047
-2.7578499047
-2.7578499047
-2.73212501545
-2.69046073
-2.69046073
-2.69046073
-2.68464673
-2.68464673
-2.68464673
-2.68464673
-2.68464673
-2.68464673
-2.66223083832
-2.66223083836
-2.66223083836
-2.66223083836
-2.66223083836
-2.66223083836
-2.66223083836
-2.66223083836
-2.57294943836
-2.57294943836
-2.57294943836
-2.57294943836
-2.57294943836
-2.53694943836
-2.53694943836
-2.53694943836
-2.53694943836
-2.48150443836
-2.48150443836
-2.48150443836
-2.48150443836
-2.48150443836
-2.48150443836
-2.48150443836
-2.48150443836
-2.48150443836
-2.48150443836
-2.48150443836
-2.48150443836
-2.48150443836
-2.48150443836
-2.48150443836
-2.37018643836
-2.34090143836
-2.34090143836
-2.26699643836
-2.26131861137
-2.26131861137
-2.26131861137
-2.26131861137
-2.26131861137
-2.20088661137
-2.20088661137
-2.20088661137
-2.20088661137
-2.20005050306
-2.20005050306
-2.20005050306
-2.20005050306
-2.19816997334
-2.19816997334
-2.19816997334
-2.06540307334
-2.06540307334
-2.06540307334
-2.06280307334
-2.06280307334
-2.06280307334
-2.06280307334
-2.06280307334
-2.06280307334
-2.01824807334
-1.97877246334
-1.97877246334
-1.90653182
-1.87374982
-1.87374982
-1.87374982
-1.87374982
-1.87374982
-1.87374982
-1.87374982
-1.87374982
-1.87374982
-1.81420506334
-1.79279946334
-1.79279946334
-1.79279946334
-1.79279946334
-1.79279946334
-1.79279946334
-1.68615134334
-1.68615134334
-1.59898534334
-1.5487687
-1.5487687
-1.5487687
-1.5487687
-1.3419676
-1.03843764
-1.03843764
-0.81696864
-0.81696864
-0.81696864
-0.81696864
-0.81696864
-0.81696864
-0.81696864
-0.81696864
-0.81696864
-0.81696864
-0.79259264
-0.79259264
-0.79259264
-0.79259264
-0.79259264
-0.79259264
-0.79259264
-0.79259264
-0.79259264
-0.7462893
-0.7462893
-0.7462893
-0.7462893
-0.7462893
-0.7462893
-0.7264333
-0.7264333
-0.7062623
-0.7062623
-0.7062623
-0.7062623
-0.7062623
-0.7062623
-0.7062623
-0.7062623
-0.7062623
-0.7062623
-0.7044223
-0.7044223
-0.517493
-0.517493
-0.517493
-0.517493
-0.517493
-0.372408
-0.372408
-0.372408
0
0
0
0
0
0
0
0
0
0
0
0
0
0
0
0
0
0
0
0
0
0
0
0
0
0
0
0
0
0
0
0
0
0
0
0
0
0
0
0
0
0
0
0
0
0
0
0
0
0
0
0
0
0
0
0
0
0
0
0
0
0
0
0
0
0
0
0
0
0
0
0
0
0
0
0
0
0
0
0
0
0
0
0
0
0
0
0
0
0
0
0
0
0
0
0
0
0
0
0
0
0
0
0
0
0
0
0
0
0
0
0
0
0
0
0
0
0
0
0
0
0
0
0
0
0
0
0
0
0
0
0
