-31.8172173
-31.8172173
-31.3923073
-31.3923073
-31.3923073
-31.3923073
-31.3923073
-31.3923073
-31.3923073
-31.3923073
-31.3923073
-31.3923073
-31.3923073
-31.3923073
-31.3923073
-31.3923073
-31.3923073
-31.3923073
-31.3923073
-31.3923073
-31.3923073
-31.3923073
-31.3923073
-31.3923073
-31.3923073
-31.3923073
-31.3923073
-31.3923073
-31.3923073
-31.3923073
-31.3923073
-31.3923073
-31.3923073
-31.3923073
-31.3923073
-31.3923073
-31.3923073
-31.3923073
-31.3923073
-31.3923073
-31.3923073
-31.3923073
-31.3923073
-31.3923073
-31.3923073
-30.8137773
-30.8137773
-30.8137773
-30.8137773
-30.8137773
-30.8137773
-30.8137773
-30.8137773
-30.8137773
-30.8137773
-30.8137773
-30.8137773
-30.8137773
-30.8137773
-30.8137773
-30.8137773
-30.8137773
-30.8137773
-30.5929273
-30.5929273
-30.5929273
-30.5929273
-30.5929273
-30.3604073
-30.3604073
-30.3604073
-30.3604073
-30.3604073
-30.3604073
-30.3604073
-30.3604073
-30.3604073
-30.3604073
-30.0039473
-30.0039473
-30.0039473
-30.0039473
-30.0039473
-30.0039473
-30.0039473
-30.0039473
-30.0039473
-30.0039473
-29.6398643
-29.6185303
-29.6185303
-29.6185303
-29.6185303
-29.6185303
-29.6185303
-29.6185303
-29.6185303
-29.6185303
-29.6185303
-29.6185303
-29.6185303
-29.6185303
-29.6185303
-29.0745403
-28.5450103
-28.5450103
-28.5450103
-28.5450103
-28.5450103
-28.5450103
-28.5450103
-28.5450103
-28.5450103
-28.5450103
-28.5450103
-28.5450103
-28.5450103
-28.5450103
-28.5450103
-28.5450103
-28.5450103
-28.5450103
-28.5450103
-28.5450103
-24.9175622
-24.9175622
-24.5292522
-24.5292522
-24.2364022
-24.2364022
-24.2364022
-23.4169822
-22.5733622
-22.5733622
-22.5733622
-22.5733622
-20.9689022
-20.9689022
-20.9689022
-20.9689022
-20.9689022
-20.9689022
-20.9689022
-20.9689022
-20.9689022
-20.9689022
-20.9689022
-20.1075922
-20.1075922
-20.1075922
-20.1075922
-20.1075922
-20.1075922
-20.1075922
-20.1075922
-20.1075922
-20.1075922
-20.1075922
-18.4000722
-18.4000722
-18.4000722
-18.4000722
-18.4000722
-18.4000722
-18.4000722
-18.4000722
-18.3454632
-18.3454632
-18.3454632
-17.7435732
-17.7435732
-17.7435732
-17.7435732
-17.7435732
-17.7435732
-17.7435732
-17.7435732
-17.7435732
-17.7435732
-17.6887632
-17.6887632
-17.6887632
-17.6887632
-17.6887632
-17.6887632
-17.6887632
-17.4450032
-16.9777632
-16.0602332
-16.0602332
-16.0602332
-16.0602332
-16.0602332
-16.0602332
-12.863032
-10.753342
-10.753342
-10.753342
-10.753342
-10.177072
-10.177072
-10.177072
-10.177072
-10.177072
-10.177072
-8.035722
-8.035722
-8.035722
-8.035722
-8.035722
-8.035722
-7.787722
-7.787722
-5.231274
-5.231274
-5.231274
-5.231274
-5.231274
-5.231274
-5.231274
-5.231274
-5.231274
-2.7858506
-2.7858506
-2.7858506
-2.7858506
-2.7858506
-2.7858506
-2.7858506
-2.7858506
-2.7858506
-2.7858506
-2.7858506
-2.7858506
-2.7858506
-2.7858506
-2.7858506
-2.7858506
-2.7858506
-2.7858506
-2.7858506
-2.7858506
-2.7858506
-2.7858506
-2.7858506
-2.7858506
-2.7858506
-2.7858506
-2.7858506
-2.7858506
-2.7858506
-2.7858506
-2.7858506
-2.7858506
-2.7858506
-2.7858506
-2.7858506
-2.7858506
-2.7858506
-2.7858506
-2.7858506
-2.7858506
-2.7858506
-2.7858506
-2.7858506
-2.7858506
-2.7858506
-2.7858506
-2.7858506
-2.7858506
-2.7858506
-2.4921906
0
0
0
0
0
0
0
0
0
0
0
0
0
0
0
0
0
0
0
0
0
0
0
0
0
0
0
0
0
0
0
0
0
0
0
0
0
0
0
0
0
0
0
0
0
0
0
0
0
0
0
0
0
0
0
0
0
0
0
0
0
0
0
0
0
0
0
0
0
0
0
0
0
0
0
0
0
0
0
0
0
0
0
0
0
0
0
0
