2863.549557
2863.549557
2863.549557
2863.549557
2863.549557
2863.549557
2863.549557
2863.549557
2863.549557
2863.549557
2863.549557
2863.549557
2863.549557
2863.549557
2865.36369795
2865.36369795
2865.36369795
2870.210357
2870.210357
2870.210357
2870.210357
2870.210357
2870.210357
2870.210357
2870.210357
2870.210357
2870.210357
2870.210357
2870.210357
2870.210357
2873.154657
2873.154657
2873.154657
2873.154657
2873.154657
2873.154657
2877.403757
2877.403757
2882.181957
2882.181957
2882.181957
2882.181957
2882.3304827
2882.3304827
2882.34283953
2882.34283953
2882.34283953
2882.34283953
2882.34283953
2882.34283953
2882.34283953
2882.34283953
2882.34283953
2882.34283953
2882.34283953
2882.34283953
2882.34283953
2886.65103953
2886.65103953
2886.65103953
2886.65103953
2889.12693953
2889.12693953
2889.12693953
2889.12693953
2889.12693953
2893.02853953
2895.80163953
2895.80163953
2895.80163953
2905.80163953
2905.80163953
2905.80163953
2905.80163953
2905.80163953
2905.93673953
2905.93673953
2905.93673953
2905.93673953
2905.93673953
2908.50922845
2912.675657
2912.675657
2912.675657
2913.257057
2913.257057
2913.257057
2913.257057
2913.257057
2913.257057
2915.49864617
2915.49864616
2915.49864616
2915.49864616
2915.49864616
2915.49864616
2915.49864616
2915.49864616
2924.42678616
2924.42678616
2924.42678616
2924.42678616
2924.42678616
2928.02678616
2928.02678616
2928.02678616
2928.02678616
2933.57128616
2933.57128616
2933.57128616
2933.57128616
2933.57128616
2933.57128616
2933.57128616
2933.57128616
2933.57128616
2933.57128616
2933.57128616
2933.57128616
2933.57128616
2933.57128616
2933.57128616
2944.70308616
2947.63158616
2947.63158616
2955.02208616
2955.58986886
2955.58986886
2955.58986886
2955.58986886
2955.58986886
2961.63306886
2961.63306886
2961.63306886
2961.63306886
2961.71667969
2961.71667969
2961.71667969
2961.71667969
2961.90473267
2961.90473267
2961.90473267
2975.18142267
2975.18142267
2975.18142267
2975.44142267
2975.44142267
2975.44142267
2975.44142267
2975.44142267
2975.44142267
2979.89692267
2983.84448367
2983.84448367
2991.068548
2994.346748
2994.346748
2994.346748
2994.346748
2994.346748
2994.346748
2994.346748
2994.346748
2994.346748
3000.30122367
3002.44178367
3002.44178367
3002.44178367
3002.44178367
3002.44178367
3002.44178367
3013.10659567
3013.10659567
3021.82319567
3026.84486
3026.84486
3026.84486
3026.84486
3047.52497
3077.877966
3077.877966
3100.024866
3100.024866
3100.024866
3100.024866
3100.024866
3100.024866
3100.024866
3100.024866
3100.024866
3100.024866
3102.462466
3102.462466
3102.462466
3102.462466
3102.462466
3102.462466
3102.462466
3102.462466
3102.462466
3107.0928
3107.0928
3107.0928
3107.0928
3107.0928
3107.0928
3109.0784
3109.0784
3111.0955
3111.0955
3111.0955
3111.0955
3111.0955
3111.0955
3111.0955
3111.0955
3111.0955
3111.0955
3111.2795
3111.2795
3129.97243
3129.97243
3129.97243
3129.97243
3129.97243
3144.48093
3144.48093
3144.48093
3181.72173
3181.72173
3181.72173
3181.72173
3181.72173
3181.72173
3181.72173
3181.72173
3181.72173
3181.72173
3181.72173
3181.72173
3181.72173
3181.72173
3181.72173
3181.72173
3181.72173
3181.72173
3181.72173
3181.72173
3181.72173
3181.72173
3181.72173
3181.72173
3181.72173
3181.72173
3181.72173
3181.72173
3181.72173
3181.72173
3181.72173
3181.72173
3181.72173
3181.72173
3181.72173
3181.72173
3181.72173
3181.72173
3181.72173
3181.72173
3181.72173
3181.72173
3181.72173
3181.72173
3181.72173
3181.72173
3181.72173
3181.72173
3181.72173
3181.72173
3181.72173
3181.72173
3181.72173
3181.72173
3181.72173
3181.72173
3181.72173
3181.72173
3181.72173
3181.72173
3181.72173
3181.72173
3181.72173
3181.72173
3181.72173
3181.72173
3181.72173
3181.72173
3181.72173
3181.72173
3181.72173
3181.72173
3181.72173
3181.72173
3181.72173
3181.72173
3181.72173
3181.72173
3181.72173
3181.72173
3181.72173
3181.72173
3181.72173
3181.72173
3181.72173
3181.72173
3181.72173
3181.72173
3181.72173
3181.72173
3181.72173
3181.72173
3181.72173
3181.72173
3181.72173
3181.72173
3181.72173
3181.72173
3181.72173
3181.72173
3181.72173
3181.72173
3181.72173
3181.72173
3181.72173
3181.72173
3181.72173
3181.72173
3181.72173
3181.72173
3181.72173
3181.72173
3181.72173
3181.72173
3181.72173
3181.72173
3181.72173
3181.72173
3181.72173
3181.72173
3181.72173
3181.72173
3181.72173
3181.72173
3181.72173
3181.72173
3181.72173
3181.72173
3181.72173
3181.72173
3181.72173
3181.72173
