-3.18172173
-3.18172173
-3.18172173
-3.18172173
-3.18172173
-3.18172173
-3.18172173
-3.18172173
-3.18172173
-3.18172173
-3.18172173
-3.18172173
-3.13923073
-3.13923073
-3.13923073
-3.13923073
-3.13923073
-3.13709733
-3.13709733
-3.13709733
-3.13709733
-3.13709733
-3.13709733
-3.13709733
-3.13709733
-3.13709733
-3.09401533
-3.09401533
-3.09401533
-3.09401533
-3.09401533
-3.09401533
-3.09401533
-3.09401533
-3.02041333
-3.02041333
-3.02041333
-3.02041333
-3.02041333
-3.02041333
-3.02041333
-3.02041333
-3.02041333
-3.02041333
-3.02041333
-3.02041333
-3.02041333
-3.02041333
-3.02041333
-3.0101626386
-3.0101626386
-2.9568286386
-2.9568286386
-2.9568286386
-2.8990536386
-2.8990536386
-2.8990536386
-2.8990536386
-2.8990536386
-2.8990536386
-2.8990536386
-2.8990536386
-2.8990536386
-2.8990536386
-2.8990536386
-2.8759206386
-2.8182936386
-2.8182936386
-2.8182936386
-2.8182936386
-2.8182936386
-2.8182936386
-2.8182936386
-2.8182936386
-2.8182936386
-2.78930673
-2.78930673
-2.78930673
-2.78930673
-2.78930673
-2.78930673
-2.78930673
-2.78930673
-2.78930673
-2.78930673
-2.78930673
-2.73507973
-2.73507973
-2.73507973
-2.67063883
-2.67063883
-2.67063883
-2.67063883
-2.67063883
-2.67063883
-2.67063883
-2.67063883
-2.67063883
-2.67063883
-2.65699183
-2.65699183
-2.65699183
-2.65699183
-2.65699183
-2.65699183
-2.65699183
-2.58759383
-2.58759383
-2.58759383
-2.40753273
-2.30753273
-2.28277373
-2.28277373
-2.28277373
-2.22760483
-2.22760483
-2.22760483
-2.22760483
-2.22760483
-2.22760483
-2.09794483
-2.09794483
-2.09794483
-2.09794483
-2.09794483
-2.09794483
-2.09794483
-2.09794483
-2.09794483
-2.09794483
-2.09794483
-2.09794483
-2.09794483
-2.05953183
-2.05953183
-2.05953183
-2.05953183
-2.05953183
-2.05953183
-2.05953183
-2.05953183
-2.05953183
-2.05953183
-2.05953183
-2.05953183
-2.05953183
-2.05693183
-2.05693183
-2.05693183
-2.05693183
-2.05693183
-2.05693183
-1.90601383
-1.90601383
-1.90601383
-1.90601383
-1.81522683
-1.79505583
-1.79505583
-1.79505583
-1.58932062001
-1.48383962
-1.48383962
-1.48383962
-1.48383962
-1.48383962
-1.22747962
-1.22747962
-1.18628262
-1.18628262
-1.18628262
-1.18628262
-1.18628262
-1.18628262
-1.18628262
-1.17759462
-1.17759462
-1.17759462
-0.94151082
-0.94151082
-0.94151082
-0.94151082
-0.94151082
-0.94151082
-0.94151082
-0.94151082
-0.94151082
-0.94151082
-0.94151082
-0.8759787
-0.8759787
-0.8759787
-0.8759787
-0.8759787
-0.8759787
-0.8759787
-0.8759787
-0.8718987
-0.8718987
-0.7998414
-0.7998414
-0.7998414
-0.7998414
-0.7369523
-0.7369523
-0.50717434
-0.50717434
-0.50717434
-0.47983834
-0.47983834
-0.47983834
-0.47983834
-0.29789634
-0.29789634
-0.29789634
-0.29789634
-0.29789634
-0.29789634
-0.29789634
-0.29789634
-0.29789634
-0.29789634
-0.23229234
-0.23229234
-0.23229234
-0.23229234
0
0
0
0
0
0
0
0
0
0
0
0
0
0
0
0
0
0
0
0
0
0
0
0
0
0
0
0
0
0
0
0
0
0
0
0
0
0
0
0
0
0
0
0
0
0
0
0
0
0
0
0
0
0
0
0
0
0
0
0
0
0
0
0
0
0
0
0
0
0
0
0
0
0
0
0
0
0
0
0
0
0
0
0
0
0
0
0
0
0
0
0
0
0
0
0
0
0
0
0
0
0
0
0
0
0
0
0
0
0
0
0
0
0
0
0
0
0
0
0
0
0
0
0
0
0
0
0
0
0
0
0
0
0
