-0.106188100001
-0.106188100001
-0.106188100001
-0.106188100001
-0.106188100001
-0.106188100001
-0.106188100001
-0.106188100001
-0.106188100001
-0.106188100001
2.6507639
2.6507639
2.6507639
2.6507639
2.6507639
2.6507639
2.6507639
2.6507639
2.6507639
2.6507639
2.6507639
135.02085428
299.09200988
623.48949758
796.19391056
891.43356386
991.89427619
1138.23977978
1204.89523931
1260.13794023
1294.35413807
1396.00744301
1492.73059151
1518.20605955
1605.90084365
1616.71985075
1622.32146875
1625.12832665
1657.08487325
1657.88724845
1669.14838955
1682.06881025
1709.23587743
1728.36341003
1734.98720303
1761.36101093
1752.78950183
1759.06746803
1784.76493763
1796.89192283
1806.94557082
1811.71014382
1832.77054252
1841.64319972
1857.23251192
1866.55047112
1881.32224133
1886.32503208
1894.28055329
1908.38927098
1912.63816981
1917.04761001
1922.18679901
1924.88108401
1939.11337351
1946.28382471
1962.89028271
1955.82260242
1956.86210242
1968.82971742
1974.21254542
1986.34012462
1991.6419033
1995.6221983
1993.2620383
2022.9583654
2027.01845441
2022.9165874
2046.07342001
2054.34048628
2057.15776889
2054.79760888
2055.30646888
2064.89303488
2073.22206328
2090.50419628
2097.13691117
2125.41050728
2133.86114728
2138.41869148
2142.15732748
2156.52787049
2173.15561349
2177.57823257
2187.75949157
2208.65159027
2220.89393027
2235.58712417
2230.73378777
2240.13898577
2251.55160677
2265.79453877
2275.72572377
2293.48976897
2294.29216397
2297.55639197
2299.78300097
2306.15417567
2310.36078467
2330.07178367
2338.18641767
2350.47914867
2363.52477467
2370.11494727
2366.86711367
2414.39641571
2429.36897771
2450.19273671
2458.11594431
2466.93076571
2466.64663571
2484.31592009
2479.96642637
2491.81196051
2504.28234107
2509.90387589
2508.41442089
2514.63254357
2513.62459091
2515.08691991
2525.54540861
2527.40423261
2534.34997361
2548.06422581
2570.45468357
2583.96831821
2605.40274309
2620.21466769
2624.47978569
2629.16188278
2658.78126878
2663.32913578
2696.02416596
2709.26581196
2718.91695962
2725.30948862
2734.15949462
2745.72398162
2760.71392914
2770.3233978
2774.3670825
2787.97037154
2829.83384902
2832.57921802
2836.96600702
2847.99094402
2863.84589402
2871.59392211
2855.70685663
2883.89355311
2886.83300171
2899.86074471
2903.93122871
2908.09223237
2916.06212441
2932.76287001
2935.53876071
2943.71292737
2948.72265803
2961.80679503
2977.87922903
2977.87922903
2981.62281503
2983.34254403
2988.20541413
3000.51394949
3007.90904159
3008.46977363
3008.65193363
3015.98697729
3016.03648929
3018.16597929
3018.16597929
3022.06965819
3032.42071209
3040.56954069
3060.26658669
3060.26658669
3062.49319569
3068.76227659
3068.76227659
3080.74473763
3080.74473763
3082.13926153
3087.23165719
3091.90288309
3096.09345409
3104.67359599
3108.20869987
3112.27918387
3114.76319287
3114.76319287
3116.22552187
3116.22552187
3120.02483987
3123.39281987
3125.13084087
3125.13084087
3125.67894087
3125.67894087
3125.69199996
3128.93741796
3128.98893162
3140.04287562
3140.04287562
3143.5848476
3143.5848476
3149.3007126
3149.3007126
3149.3007126
3149.3007126
3149.3007126
3149.3007126
3149.3007126
3149.3007126
3149.3007126
3149.3007126
3149.8488126
3149.8488126
3149.8488126
3149.8488126
3149.8488126
3149.8488126
3149.8488126
3149.8983246
3149.8983246
3149.8983246
3149.8983246
3149.8983246
3149.8983246
3149.8983246
3149.8983246
3149.8983246
3149.8983246
3149.8983246
3149.8983246
3149.8983246
3149.8983246
3149.8983246
3149.8983246
3149.8983246
3149.8983246
3149.8983246
3149.8983246
3149.8983246
3149.8983246
3149.8983246
3149.8983246
3149.8983246
3149.8983246
3149.8983246
3149.8983246
3149.8983246
3149.8983246
3149.8983246
3149.8983246
3149.8983246
3149.8983246
3149.8983246
3149.8983246
3149.8983246
3149.8983246
3149.8983246
3149.8983246
3149.8983246
3149.8983246
3149.8983246
3149.8983246
3149.8983246
3149.8983246
3149.8983246
3149.8983246
3149.8983246
3149.8983246
3149.8983246
3149.8983246
3149.8983246
3149.8983246
3149.8983246
3149.8983246
3149.8983246
3149.8983246
3149.8983246
3149.8983246
3149.8983246
3149.8983246
3149.8983246
3149.8983246
3149.8983246
3149.8983246
3149.8983246
3149.8983246
3149.8983246
3149.8983246
3149.8983246
3149.8983246
3149.8983246
3149.8983246
3149.8983246
3149.8983246
3149.8983246
3149.8983246
3149.8983246
3149.8983246
3149.8983246
3149.8983246
3149.8983246
3149.8983246
3149.8983246
3149.8983246
3149.8983246
3149.8983246
3149.8983246
3149.8983246
3149.8983246
3149.8983246
3149.8983246
3149.8983246
3149.8983246
3149.8983246
3149.8983246
3149.8983246
3149.8983246
3149.8983246
3149.8983246
3149.8983246
3149.8983246
3149.8983246
3149.8983246
3149.8983246
3149.8983246
3149.8983246
3149.8983246
3149.8983246
3149.8983246
3149.8983246
3149.8983246
3149.8983246
3149.8983246
3149.8983246
3149.8983246
3149.8983246
3149.8983246
3149.8983246
3149.8983246
3149.8983246
3149.8983246
3149.8983246
3149.8983246
3149.8983246
