-31.5814142134
-31.5814142134
-31.5814142134
-31.5803104763
-31.5803104763
-31.5706094188
-31.398627341
-31.398627341
-31.3967880638
-31.3936975868
-30.7396819898
-30.6985687964
-30.48820276
-30.48820276
-30.1098501622
-30.1098501622
-29.8923201622
-29.8923201622
-29.8923201622
-29.8923201622
-29.8821124098
-29.8821124098
-29.8610025515
-29.8610025515
-29.2851266327
-28.6598825949
-28.6598825949
-28.4014853516
-28.4014853516
-28.3537002331
-27.6712567153
-27.6712567153
-27.3934528774
-27.3934528774
-26.8012371513
-26.3111660917
-25.7162367438
-25.7162367438
-25.7162367438
-25.7162367438
-25.7162367438
-25.7162367438
-25.2313367438
-24.5970967197
-24.5363445053
-24.5363445053
-24.5363445053
-24.5363445053
-24.5363445053
-24.5363445053
-24.5363445053
-24.5363445053
-24.5363445053
-24.5363445053
-24.524783511
-24.524783511
-24.02295224
-24.02295224
-23.3237869957
-23.3237869957
-23.3237869957
-23.32364802
-23.32364802
-23.32364802
-23.32364802
-23.32364802
-23.32364802
-22.9221149927
-22.9221149927
-22.9221149927
-22.7734474494
-22.7734474494
-22.7734474494
-22.4949674494
-22.4949674494
-22.4949674494
-22.2198534203
-22.2198534203
-21.5198534203
-20.8198534203
-20.8198534203
-20.8198534203
-20.8198534203
-20.8198534203
-20.6196351243
-20.6196351243
-20.6196351243
-20.6196351243
-20.5818822
-20.5818822
-20.5818822
-20.5818822
-20.5818822
-20.3667822
-19.6667822
-18.9667822
-18.8497650093
-18.8497650093
-18.8497650093
-18.8497650093
-18.8497650093
-18.1497650093
-18.1497650093
-18.1497650093
-17.9279121317
-17.9279121317
-17.9279121317
-17.9279121317
-17.9279121317
-17.9279121317
-17.9279121317
-17.9279121317
-17.5903921317
-17.5903921317
-17.5903921317
-17.5903921317
-17.5903921317
-17.5903921317
-17.5903921317
-17.5903921317
-17.5903921317
-17.5903921317
-17.5903921317
-17.5903921317
-17.5903921317
-17.5903921317
-17.5903921317
-17.5903921317
-17.0210899471
-17.0210899471
-17.0210899471
-17.0100899471
-17.0100899471
-17.0100899471
-16.3100899471
-16.3100899471
-16.3100899471
-15.7271071378
-15.7271071378
-15.6926271378
-15.6926271378
-15.6926271378
-15.6926271378
-15.6926271378
-15.6926271378
-15.6926271378
-15.6926271378
-15.5121571378
-15.4220955854
-15.4220955854
-15.3361755854
-15.3257655854
-15.3257655854
-15.3257655854
-15.3257655854
-15.3257655854
-15.3257655854
-15.19638687
-15.19638687
-15.19638687
-14.77147687
-14.52345687
-14.3701880698
-14.3701880698
-14.3701880698
-14.0956980698
-14.0956980698
-14.0956980698
-14.0943789698
-13.5851989698
-13.5851989698
-13.3015889698
-13.3015889698
-13.3015889698
-13.3015889698
-12.7875789698
-12.7875789698
-12.7875789698
-12.7875789698
-12.2896393224
-11.6309093224
-11.6309093224
-11.6309093224
-11.6309093224
-11.6309093224
-11.6309093224
-11.6309093224
-11.6309093224
-11.6309093224
-11.6309093224
-11.6309093224
-11.6309093224
-11.6309093224
-11.6309093224
-11.2053993224
-11.2053993224
-11.2053993224
-11.2053993224
-11.2053993224
-11.0068393224
-11.0068393224
-11.0068393224
-11.0068393224
-11.0068393224
-10.5490093224
0
0
0
0
0
0
0
0
0
0
0
0
0
0
0
0
0
0
0
0
0
0
0
0
0
0
0
0
0
0
0
0
0
0
0
0
0
0
0
0
0
0
0
0
0
0
0
0
0
0
0
0
0
0
0
0
0
0
0
0
0
0
0
0
0
0
0
0
0
0
0
0
0
0
0
0
0
0
0
0
0
0
0
0
0
0
0
0
0
0
0
0
0
0
0
0
0
0
0
0
0
0
0
0
0
0
0
0
0
0
0
0
0
0
0
0
0
0
0
0
0
0
0
0
0
0
0
0
0
0
0
0
0
0
0
0
0
0
0
0
0
0
0
0
0
0
0
0
0
0
0
0
0
0
0
