-31.6133804573
-31.6133804573
-31.2051564229
-30.3494264229
-30.3494264229
-30.3494264229
-30.3494264229
-30.3494264229
-30.2300064229
-30.2300064229
-30.2234646468
-30.2234287098
-30.2234287098
-30.2234287098
-28.3252987098
-28.3252987098
-28.3252987098
-28.3252987098
-28.3252987098
-28.3252987098
-28.3252987098
-28.2395904458
-28.2395904458
-28.2395904458
-28.2135904458
-28.2135904458
-28.2135904458
-28.2122879637
-28.2122879637
-28.2122879637
-28.2122879637
-28.2122879637
-28.2122879637
-28.1092708893
-28.0413407161
-28.0413407161
-28.0413407161
-28.0413407161
-27.9865307161
-27.9865307161
-27.9865307161
-27.9865307161
-27.9865307161
-27.9865307161
-27.9865307161
-26.9892104814
-26.9819556053
-26.9819556053
-26.9819556053
-26.9819556053
-26.9819556053
-26.9819556053
-26.9819556053
-26.9819556053
-26.9819556053
-26.9819556053
-26.9819556053
-26.9819556053
-26.9819556053
-26.9819556053
-26.9819556053
-26.668573626
-26.2968619721
-26.2968619721
-26.2968619721
-26.2968619721
-26.1421967981
-26.1421967981
-25.7302267981
-25.7302267981
-25.2112797425
-25.2112797425
-25.1899457425
-25.1899457425
-25.1899457425
-25.1899457425
-25.1899457425
-25.1899457423
-25.1899457423
-25.0530557423
-25.0530557423
-25.0530557423
-24.4597954063
-24.4597954063
-24.4597954063
-24.4597954063
-23.8801954063
-23.8801954063
-23.3973954063
-23.3973954063
-23.3853761885
-23.1594256297
-22.8955135622
-22.8955135622
-22.5547845147
-22.5547845147
-22.5547845147
-22.5547845147
-22.5547845147
-22.5547845147
-21.9852745147
-21.9852745147
-21.9852745147
-21.9852745147
-21.9852745147
-21.9852745147
-21.6455732404
-21.6455732404
-21.6455732404
-21.041544132
-21.041544132
-21.041544132
-21.041544132
-19.641544132
-18.661697551
-18.3795396984
-18.3795396984
-18.3795396984
-18.3795396984
-17.7483007573
-17.7483007573
-17.7483007573
-17.7483007573
-17.7483007573
-17.2391207573
-17.0546476
-17.0546476
-16.7121007081
-16.7107816081
-16.7107816081
-16.7107816081
-16.7107816081
-16.7107816081
-16.7107816081
-16.7107816081
-16.5263076
-16.5263076
-16.5263076
-16.5263076
-16.5263076
-15.8263076
-15.8263076
-15.8263076
-15.5783076
-15.5783076
-15.2997442
-15.2997442
-14.8771042
-14.6460442
-13.9460442
-13.5090923718
-13.5090923718
-13.5090923718
-13.5090923718
-13.5090923718
-13.5090923718
-13.5090923718
-13.5090923718
-13.5090923718
-13.5090923718
-13.5090923718
-13.5090923718
-13.1976823718
-13.1976823718
-13.1976823718
-13.1976823718
-13.1976823718
-13.1976823718
-13.1976823718
-13.1976823718
-13.1976823718
-12.9991223718
-12.2671342
-12.2671342
-12.2671342
-12.2671342
-12.2671342
-12.2671342
-10.0154812
-10.0154812
-10.0154812
-10.0154812
-9.4574912
-9.4574912
-9.4574912
-9.4574912
-9.4574912
-9.1638312
-9.1638312
-9.1638312
-9.1638312
-9.1638312
-9.1638312
-9.1638312
-9.1638312
-7.3084012
-7.3084012
-7.3084012
-7.3084012
-7.3084012
-7.3084012
-7.3084012
-7.3084012
-7.3084012
-7.3084012
-7.3084012
-7.3084012
-7.3084012
-7.3084012
-7.3084012
-7.3084012
-7.3084012
-7.3084012
-7.3084012
-7.3084012
-7.3084012
-7.3084012
-7.3084012
-7.3084012
-7.3084012
-7.3084012
-7.3084012
-7.3084012
-7.3084012
-7.3084012
-7.3084012
-7.3084012
-6.9180212
-4.9416712
-4.9416712
-4.9416712
-3.9736012
-3.9736012
-3.9736012
-3.9736012
-3.9736012
-3.9736012
-3.9736012
-2.2508512
0
0
0
0
0
0
0
0
0
0
0
0
0
0
0
0
0
0
0
0
0
0
0
0
0
0
0
0
0
0
0
0
0
0
0
0
0
0
0
0
0
0
0
0
0
0
0
0
0
0
0
0
0
0
0
0
0
0
0
0
0
0
0
0
0
0
0
0
0
0
0
0
0
0
0
0
0
0
0
0
0
0
0
0
0
0
0
0
0
0
0
0
0
0
0
0
0
0
0
0
0
0
0
0
0
0
0
0
0
0
0
0
0
0
0
0
0
0
0
0
0
