2863.549557
2863.549557
2863.549557
2863.549557
2863.549557
2863.549557
2863.549557
2863.549557
2863.549557
2864.097657
2864.097657
2864.097657
2864.097657
2864.097657
2864.097657
2864.097657
2864.310997
2864.310997
2864.310997
2864.310997
2864.310997
2864.310997
2864.310997
2866.292297
2866.292297
2866.292297
2873.507497
2873.507497
2877.85704017
2877.85704017
2879.777957
2879.777957
2879.777957
2879.777957
2883.26471968
2883.26471968
2883.26471968
2883.26471968
2883.26471968
2883.26471968
2883.26471968
2883.26471968
2883.26471968
2883.26471968
2883.41976451
2883.41976451
2883.41976451
2886.26876451
2886.26876451
2886.26876451
2886.26876451
2886.26876451
2886.26876451
2886.26876451
2886.26876451
2886.26876451
2886.26876451
2892.17356451
2892.17356451
2892.17356451
2892.17356451
2892.17356451
2892.17356451
2892.17356451
2894.78846451
2905.76746451
2905.76746451
2915.80186451
2915.80186451
2915.80186451
2915.80186451
2920.326757
2920.326757
2925.341757
2930.764457
2930.764457
2932.310157
2932.310157
2932.310157
2932.310157
2932.310157
2932.310157
2932.310157
2932.310157
2932.310157
2932.310157
2936.284257
2936.284257
2936.284257
2936.284257
2936.284257
2936.284257
2936.284257
2945.487657
2945.487657
2945.487657
2945.487657
2945.487657
2945.487657
2945.487657
2945.487657
2945.487657
2946.647457
2946.647457
2946.647457
2949.736557
2949.736557
2949.736557
2955.159257
2962.523191
2962.523191
2962.523191
2962.523191
2962.523191
2962.523191
2962.523191
2962.523191
2962.523191
2962.523191
2967.301391
2973.749591
2988.326891
2988.326891
2988.326891
2988.345187
2988.345187
2994.905587
2994.905587
2995.367377
2995.367377
2995.367377
2995.367377
2996.797377
2999.351477
3006.539377
3006.539377
3006.539377
3006.539377
3006.539377
3006.539377
3006.539377
3006.539377
3006.539377
3006.539377
3009.483677
3009.483677
3009.483677
3009.483677
3046.501677
3046.501677
3046.501677
3059.608277
3059.608277
3059.608277
3059.608277
3066.162377
3067.697677
3067.697677
3070.663677
3070.663677
3070.663677
3070.663677
3070.663677
3070.663677
3070.663677
3070.663677
3070.663677
3070.663677
3070.663677
3074.149477
3074.149477
3074.149477
3078.977477
3078.977477
3083.398677
3083.398677
3083.398677
3083.398677
3083.398677
3083.398677
3083.398677
3083.398677
3083.398677
3083.398677
3083.398677
3083.398677
3083.398677
3083.398677
3105.888377
3105.888377
3105.888377
3105.888377
3105.888377
3105.888377
3105.888377
3105.888377
3105.888377
3112.248257
3116.521567
3116.521567
3116.521567
3116.521567
3116.521567
3126.348597
3140.400597
3140.400597
3140.400597
3140.400597
3140.400597
3140.400597
3140.400597
3140.400597
3151.073509
3151.073509
3151.073509
3151.073509
3151.073509
3151.073509
3151.073509
3151.073509
3151.073509
3151.073509
3151.073509
3161.72173
3161.72173
3161.72173
3161.72173
3161.72173
3161.72173
3161.72173
3161.72173
3161.72173
3161.72173
3161.72173
3161.72173
3161.72173
3161.72173
3161.72173
3161.72173
3161.72173
3161.72173
3161.72173
3161.72173
3161.72173
3161.72173
3161.72173
3161.72173
3166.65403
3166.65403
3166.65403
3181.72173
3181.72173
3181.72173
3181.72173
3181.72173
3181.72173
3181.72173
3181.72173
3181.72173
3181.72173
3181.72173
3181.72173
3181.72173
3181.72173
3181.72173
3181.72173
3181.72173
3181.72173
3181.72173
3181.72173
3181.72173
3181.72173
3181.72173
3181.72173
3181.72173
3181.72173
3181.72173
3181.72173
3181.72173
3181.72173
3181.72173
3181.72173
3181.72173
3181.72173
3181.72173
3181.72173
3181.72173
3181.72173
3181.72173
3181.72173
3181.72173
3181.72173
3181.72173
3181.72173
3181.72173
3181.72173
3181.72173
3181.72173
3181.72173
3181.72173
3181.72173
3181.72173
3181.72173
3181.72173
3181.72173
3181.72173
3181.72173
3181.72173
3181.72173
3181.72173
3181.72173
3181.72173
3181.72173
3181.72173
3181.72173
3181.72173
3181.72173
3181.72173
3181.72173
3181.72173
3181.72173
3181.72173
3181.72173
3181.72173
3181.72173
3181.72173
3181.72173
3181.72173
3181.72173
3181.72173
3181.72173
3181.72173
3181.72173
3181.72173
3181.72173
3181.72173
3181.72173
3181.72173
3181.72173
3181.72173
3181.72173
3181.72173
3181.72173
3181.72173
3181.72173
3181.72173
3181.72173
3181.72173
3181.72173
3181.72173
3181.72173
3181.72173
3181.72173
3181.72173
3181.72173
3181.72173
3181.72173
3181.72173
3181.72173
3181.72173
