-31.8172173
-31.8172173
-31.8172173
-31.8172173
-31.8172173
-31.8172173
-31.8172173
-31.8172173
-31.8172173
-31.8172173
-31.7893693
-31.7893693
-31.7893693
-31.7893693
-31.7893693
-31.7893693
-31.7893693
-31.7893693
-31.7893693
-31.7893693
-31.7893693
-30.45229768
-28.79501328
-25.51827098
-23.77378196
-22.81176526
-21.79701059
-20.31877318
-19.64548571
-19.08747863
-18.74186047
-17.71505941
-16.73805791
-16.48072995
-15.59492405
-15.48564115
-15.42905915
-15.40070705
-15.07791365
-15.06980885
-14.95605995
-14.82555065
-14.55113583
-14.35792843
-14.29102143
-14.02461933
-14.11120023
-14.04778643
-13.78821603
-13.66572123
-13.5641692302
-13.5160422302
-13.3033109302
-13.2136881302
-13.0562203302
-12.9620995301
-12.81288973
-12.7623564902
-12.68199769
-12.5394853902
-12.4965672202
-12.4520274201
-12.4001164202
-12.3729014202
-12.2291409201
-12.1567121202
-11.9889701202
-12.0603608302
-12.0498608301
-11.9289758302
-11.8746038302
-11.7521030301
-11.6985497102
-11.6583447102
-11.6821847102
-11.3822218101
-11.34121081
-11.3826438101
-11.14873641
-11.0652306902
-11.03677329
-11.0606132901
-11.0554732901
-10.9586392901
-10.8745076902
-10.6999406901
-10.63294357
-10.3473516902
-10.2619916902
-10.2159558902
-10.1781918901
-10.03303489
-9.86507789
-9.82040497
-9.71756397
-9.50653267
-9.38287267
-9.23445657
-9.28348017
-9.18847817
-9.07319917
-8.92933117
-8.82901617
-8.64958137
-8.64147637
-8.60850437
-8.58601337
-8.52165807
-8.47916707
-8.28006607
-8.19810007
-8.07393107
-7.94215707
-7.87558967
-7.90839607
-7.42830211
-7.27706411
-7.06672311
-6.98669071
-6.89765211
-6.90052211
-6.72204449
-6.76597877
-6.64632691
-6.52036347
-6.46358029
-6.47862529
-6.41581597
-6.42599731
-6.41122631
-6.30558501
-6.28680901
-6.21665001
-6.07812221
-5.85195597
-5.71545461
-5.49894661
-5.34933121
-5.30624921
-5.2589553
-4.95988226
-4.91392266
-4.58357736
-4.44982336
-4.35233702
-4.28776602
-4.19837202
-4.08155902
-3.93021802
-3.83315268
-3.79230738
-3.65490042
-3.23213302
-3.20440202
-3.16009102
-3.04872802
-2.88867802
-2.81041511
-2.97079451
-2.68620051
-2.65650911
-2.52497111
-2.48385511
-2.44182477
-2.36132081
-2.19262641
-2.16458711
-2.08201977
-2.03141643
-1.89925343
-1.73700847
-1.73700847
-1.69919447
-1.68182347
-1.63270357
-1.50837493
-1.43367703
-1.42801307
-1.42617307
-1.35218273
-1.35168761
-1.33017761
-1.33017761
-1.29074651
-1.18619041
-1.10387901
-0.90499841
-0.90499841
-0.88250741
-0.81920491
-0.81920491
-0.69816995
-0.69816995
-0.68408385
-0.63264551
-0.58546141
-0.54313241
-0.45646431
-0.42075619
-0.37964019
-0.35454919
-0.35454919
-0.33977819
-0.33977819
-0.30142279
-0.26740279
-0.24989767
-0.24989767
-0.24441667
-0.24441667
-0.24428476
-0.21150276
-0.21098242
-0.09932642
-0.09932642
-0.06361112
-0.06361112
-0.00597612
-0.00597612
-0.00597612
-0.00597612
-0.00597612
-0.00597612
-0.00597612
-0.00597612
-0.00597612
-0.00597612
-0.00049512
-0.00049512
-0.00049512
-0.00049512
-0.00049512
-0.00049512
-0.00049512
0.0
0.0
0.0
0.0
0.0
0.0
0.0
0.0
0.0
0.0
0.0
0.0
0.0
0.0
0.0
0.0
0.0
0.0
0.0
0.0
0.0
0.0
0.0
0.0
0.0
0.0
0.0
0.0
0.0
0.0
0.0
0.0
0.0
0.0
0.0
0.0
0.0
0.0
0.0
0.0
0.0
0.0
0.0
0.0
0.0
0.0
0.0
0.0
0.0
0.0
0.0
0.0
0.0
0.0
0.0
0.0
0.0
0.0
0.0
0.0
0.0
0.0
0.0
0.0
0.0
0.0
0.0
0.0
0.0
0.0
0.0
0.0
0.0
0.0
0.0
0.0
0.0
0.0
0.0
0.0
0.0
0.0
0.0
0.0
0.0
0.0
0.0
0.0
0.0
0.0
0.0
0.0
0.0
0.0
0.0
0.0
0.0
0.0
0.0
0.0
0.0
0.0
0.0
0.0
0.0
0.0
0.0
0.0
0.0
0.0
0.0
0.0
0.0
0.0
0.0
0.0
0.0
0.0
0.0
0.0
0.0
0.0
0.0
0.0
0.0
0.0
