23.5803086622
23.5803086622
23.5803086622
23.690682369
23.690682369
24.6607881163
41.8589958959
41.8589958959
42.0429236213
42.3519713241
107.753531019
111.864850355
132.901453997
132.901453997
170.736713781
170.736713781
192.489713781
192.489713781
192.489713781
192.489713781
193.510489016
193.510489016
195.621474855
195.621474855
253.209066735
315.733470506
315.733470506
341.573194837
341.573194837
346.351706687
414.596058475
414.596058475
442.376442256
442.376442256
501.598014872
550.60512083
610.098055621
610.098055621
610.098055621
610.098055621
610.098055621
610.098055621
658.588055621
722.01205803
728.087279474
728.087279474
728.087279474
728.087279474
728.087279474
728.087279474
728.087279474
728.087279474
728.087279474
728.087279474
729.243378897
729.243378897
779.426505997
779.426505997
849.343030427
849.343030427
849.343030427
849.356928
849.356928
849.356928
849.356928
849.356928
849.356928
889.510230731
889.510230731
889.510230731
904.376985058
904.376985058
904.376985058
932.224985058
932.224985058
932.224985058
959.73638797
959.73638797
1029.73638797
1099.73638797
1099.73638797
1099.73638797
1099.73638797
1099.73638797
1119.75821757
1119.75821757
1119.75821757
1119.75821757
1123.53351
1123.53351
1123.53351
1123.53351
1123.53351
1145.04351
1215.04351
1285.04351
1296.74522907
1296.74522907
1296.74522907
1296.74522907
1296.74522907
1366.74522907
1366.74522907
1366.74522907
1388.93051683
1388.93051683
1388.93051683
1388.93051683
1388.93051683
1388.93051683
1388.93051683
1388.93051683
1422.68251683
1422.68251683
1422.68251683
1422.68251683
1422.68251683
1422.68251683
1422.68251683
1422.68251683
1422.68251683
1422.68251683
1422.68251683
1422.68251683
1422.68251683
1422.68251683
1422.68251683
1422.68251683
1479.61273529
1479.61273529
1479.61273529
1480.71273529
1480.71273529
1480.71273529
1550.71273529
1550.71273529
1550.71273529
1609.01101622
1609.01101622
1612.45901622
1612.45901622
1612.45901622
1612.45901622
1612.45901622
1612.45901622
1612.45901622
1612.45901622
1630.50601622
1639.51217146
1639.51217146
1648.10417146
1649.14517146
1649.14517146
1649.14517146
1649.14517146
1649.14517146
1649.14517146
1662.083043
1662.083043
1662.083043
1704.574043
1729.376043
1744.70292302
1744.70292302
1744.70292302
1772.15192302
1772.15192302
1772.15192302
1772.28383302
1823.20183302
1823.20183302
1851.56283302
1851.56283302
1851.56283302
1851.56283302
1902.96383302
1902.96383302
1902.96383302
1902.96383302
1952.75779776
2018.63079776
2018.63079776
2018.63079776
2018.63079776
2018.63079776
2018.63079776
2018.63079776
2018.63079776
2018.63079776
2018.63079776
2018.63079776
2018.63079776
2018.63079776
2018.63079776
2061.18179776
2061.18179776
2061.18179776
2061.18179776
2061.18179776
2081.03779776
2081.03779776
2081.03779776
2081.03779776
2081.03779776
2126.82079776
3181.72173
3181.72173
3181.72173
3181.72173
3181.72173
3181.72173
3181.72173
3181.72173
3181.72173
3181.72173
3181.72173
3181.72173
3181.72173
3181.72173
3181.72173
3181.72173
3181.72173
3181.72173
3181.72173
3181.72173
3181.72173
3181.72173
3181.72173
3181.72173
3181.72173
3181.72173
3181.72173
3181.72173
3181.72173
3181.72173
3181.72173
3181.72173
3181.72173
3181.72173
3181.72173
3181.72173
3181.72173
3181.72173
3181.72173
3181.72173
3181.72173
3181.72173
3181.72173
3181.72173
3181.72173
3181.72173
3181.72173
3181.72173
3181.72173
3181.72173
3181.72173
3181.72173
3181.72173
3181.72173
3181.72173
3181.72173
3181.72173
3181.72173
3181.72173
3181.72173
3181.72173
3181.72173
3181.72173
3181.72173
3181.72173
3181.72173
3181.72173
3181.72173
3181.72173
3181.72173
3181.72173
3181.72173
3181.72173
3181.72173
3181.72173
3181.72173
3181.72173
3181.72173
3181.72173
3181.72173
3181.72173
3181.72173
3181.72173
3181.72173
3181.72173
3181.72173
3181.72173
3181.72173
3181.72173
3181.72173
3181.72173
3181.72173
3181.72173
3181.72173
3181.72173
3181.72173
3181.72173
3181.72173
3181.72173
3181.72173
3181.72173
3181.72173
3181.72173
3181.72173
3181.72173
3181.72173
3181.72173
3181.72173
3181.72173
3181.72173
3181.72173
3181.72173
3181.72173
3181.72173
3181.72173
3181.72173
3181.72173
3181.72173
3181.72173
3181.72173
3181.72173
3181.72173
3181.72173
3181.72173
3181.72173
3181.72173
3181.72173
3181.72173
3181.72173
3181.72173
3181.72173
3181.72173
3181.72173
3181.72173
3181.72173
3181.72173
3181.72173
3181.72173
3181.72173
3181.72173
3181.72173
3181.72173
3181.72173
3181.72173
3181.72173
3181.72173
3181.72173
3181.72173
3181.72173
3181.72173
3181.72173
3181.72173
3181.72173
3181.72173
3181.72173
