2863.549557
2863.549557
2863.549557
2863.549557
2863.549557
2863.549557
2863.549557
2863.549557
2863.549557
2863.549557
2863.549557
2863.549557
2872.106857
2872.106857
2872.106857
2872.106857
2872.106857
2872.106857
2878.44840753
2878.44840753
2878.44840753
2878.44840753
2878.70840753
2878.70840753
2878.70840753
2878.70840753
2878.70840753
2878.70840753
2878.70840753
2878.70840753
2878.70840753
2878.70840753
2878.70840753
2878.70840753
2878.70840753
2878.70840753
2878.70840753
2878.70840753
2878.70840753
2882.17964508
2882.17964508
2882.17964508
2882.17964508
2882.17964508
2882.17964508
2882.39298508
2882.39298508
2882.39298508
2882.39298508
2882.39298508
2882.39298508
2882.39298508
2882.39298508
2889.87208508
2889.87208508
2889.87208508
2900.411597
2900.411597
2920.411597
2920.411597
2920.411597
2920.411597
2920.411597
2920.411597
2920.411597
2920.411597
2920.411597
2920.411597
2920.411597
2920.411597
2920.411597
2920.411597
2920.411597
2920.411597
2920.411597
2920.411597
2920.411597
2920.411597
2920.411597
2920.411597
2922.671697
2923.163777
2927.682877
2927.682877
2927.682877
2927.682877
2927.682877
2927.682877
2930.066377
2932.915377
2940.82369583
2940.82369583
2940.82369583
2940.82369583
2940.82369583
2940.82369583
2940.82369583
2940.82369583
2940.82369583
2940.82369583
2940.82369583
2940.82369583
2941.37179583
2941.37179583
2941.37179583
2941.37179583
2941.37179583
2941.37179583
2941.37179583
2941.37179583
2941.37179583
2941.37179583
2942.04470783
2942.04470783
2942.04470783
2952.60660783
2952.60660783
2955.72070783
2955.72070783
2955.72070783
2955.72070783
2955.72070783
2960.81250783
2960.81250783
2966.61300783
2966.61300783
2966.61300783
2969.23460783
2969.23460783
2973.35430783
2973.35430783
2986.32030783
2986.32030783
2986.32030783
2986.32030783
3002.88260783
3002.88260783
3022.92770783
3022.92770783
3022.92770783
3022.92770783
3022.92770783
3022.92770783
3022.92770783
3022.92770783
3022.92770783
3031.59364183
3031.59364183
3031.59364183
3031.59364183
3031.59364183
3031.59364183
3033.29464183
3033.29464183
3033.29464183
3033.29464183
3033.29464183
3042.54794183
3048.97124183
3063.47974183
3063.47974183
3063.47974183
3063.47974183
3063.47974183
3063.47974183
3063.47974183
3088.59734183
3088.59734183
3088.59734183
3091.25794183
3091.25794183
3091.25794183
3091.25794183
3091.25794183
3091.25794183
3091.25794183
3091.25794183
3091.25794183
3098.91797183
3123.766634
3123.766634
3128.066534
3128.066534
3128.066534
3128.066534
3128.066534
3128.066534
3128.066534
3128.066534
3128.066534
3128.066534
3128.066534
3128.066534
3128.066534
3128.066534
3128.066534
3148.470834
3148.470834
3148.470834
3148.470834
3148.470834
3148.470834
3151.992134
3151.992134
3151.992134
3151.992134
3151.992134
3170.448334
3170.448334
3170.448334
3170.448334
3181.72173
3181.72173
3181.72173
3181.72173
3181.72173
3181.72173
3181.72173
3181.72173
3181.72173
3181.72173
3181.72173
3181.72173
3181.72173
3181.72173
3181.72173
3181.72173
3181.72173
3181.72173
3181.72173
3181.72173
3181.72173
3181.72173
3181.72173
3181.72173
3181.72173
3181.72173
3181.72173
3181.72173
3181.72173
3181.72173
3181.72173
3181.72173
3181.72173
3181.72173
3181.72173
3181.72173
3181.72173
3181.72173
3181.72173
3181.72173
3181.72173
3181.72173
3181.72173
3181.72173
3181.72173
3181.72173
3181.72173
3181.72173
3181.72173
3181.72173
3181.72173
3181.72173
3181.72173
3181.72173
3181.72173
3181.72173
3181.72173
3181.72173
3181.72173
3181.72173
3181.72173
3181.72173
3181.72173
3181.72173
3181.72173
3181.72173
3181.72173
3181.72173
3181.72173
3181.72173
3181.72173
3181.72173
3181.72173
3181.72173
3181.72173
3181.72173
3181.72173
3181.72173
3181.72173
3181.72173
3181.72173
3181.72173
3181.72173
3181.72173
3181.72173
3181.72173
3181.72173
3181.72173
3181.72173
3181.72173
3181.72173
3181.72173
3181.72173
3181.72173
3181.72173
3181.72173
3181.72173
3181.72173
3181.72173
3181.72173
3181.72173
3181.72173
3181.72173
3181.72173
3181.72173
3181.72173
3181.72173
3181.72173
3181.72173
3181.72173
3181.72173
3181.72173
3181.72173
3181.72173
3181.72173
3181.72173
3181.72173
3181.72173
3181.72173
3181.72173
3181.72173
3181.72173
3181.72173
3181.72173
3181.72173
3181.72173
3181.72173
3181.72173
3181.72173
3181.72173
3181.72173
3181.72173
3181.72173
3181.72173
3181.72173
3181.72173
3181.72173
3181.72173
3181.72173
3181.72173
3181.72173
3181.72173
3181.72173
3181.72173
3181.72173
3181.72173
3181.72173
3181.72173
3181.72173
